2,1,1437.407686
3,1,7053.777544
4,1,2232.563086
5,1,2997.343203
6,1,16899.65748
7,1,3879.116464
8,1,5088.062153
9,1,6015.931059
10,1,6320.917774
11,1,15729.63664
12,1,8106.365868
13,1,10111.05463
14,1,10857.64866
15,1,12490.01124
16,1,12337.97242
17,1,9268.269641
18,1,10404.78126
19,1,10978.89203
20,1,13576.95337
21,1,13324.63926
22,1,11540.01063
23,1,11966.32319
24,1,14094.71979
25,1,16387.06314
26,1,13247.12769
27,1,13232.41761
28,1,15179.87183
29,1,17909.2568
30,1,15425.941
31,1,15017.57743
32,1,15295.00457
33,1,16015.70085
34,1,16605.99421
35,1,18253.60627
36,1,18126.94161
37,1,16721.76776
38,1,16534.68932
39,1,16637.51399
40,1,16649.51106
41,1,16670.97222
42,1,17049.28932
43,1,18685.30154
44,1,19819.04978
45,1,20313.44896
46,1,20192.71625
47,1,18500.50632
48,1,18503.20737
49,1,18324.13965
50,1,18487.47561
51,1,18647.87624
52,1,19979.40148
53,1,21704.3806
54,1,20688.13116
55,1,Inf
56,1,19931.16831
57,1,20425.52307
58,1,20394.32837
59,1,21492.06323
60,1,22457.67964
61,1,22457.4782
62,1,21860.86529
63,1,22080.84409
64,1,24405.5143
65,1,23346.88094
66,1,23317.87694
67,1,23395.56293
68,1,27456.27526
69,1,23698.09739
70,1,23845.96086
71,1,24152.61546
72,1,26315.14242
73,1,24494.5058
74,1,25174.70211
75,1,27703.00918
76,1,26664.44272
77,1,25930.23557
78,1,26982.32071
79,1,27968.15786
80,1,28969.22164
81,1,28472.40945
82,1,29726.46144
83,1,30007.61511
84,1,28921.86828
85,1,29438.93428
86,1,30467.17814
87,1,30548.58111
88,1,31009.20826
1,2,1437.407686
3,2,8227.656597
4,2,3669.970772
5,2,2537.154658
6,2,16439.46894
7,2,4955.195252
8,2,4627.873608
9,2,7189.810112
10,2,6679.462698
11,2,16088.18156
12,2,8468.525732
13,2,10194.02145
14,2,10397.46011
15,2,12029.8227
16,2,12696.51734
17,2,9626.814566
18,2,10487.74808
19,2,10518.70349
20,2,13116.76483
21,2,12864.45071
22,2,11898.55556
23,2,11506.13464
24,2,13634.53124
25,2,15926.87459
26,2,13043.37073
27,2,12772.22906
28,2,14719.68328
29,2,18267.80173
30,2,15784.48593
31,2,15376.12236
32,2,14834.81602
33,2,15555.5123
34,2,16145.80566
35,2,17793.41773
36,2,18485.48654
37,2,17080.31269
38,2,16627.27404
39,2,16538.67134
40,2,16189.32252
41,2,16210.78368
42,2,16589.10078
43,2,18225.113
44,2,19358.86124
45,2,19853.26041
46,2,20551.26117
47,2,18859.05125
48,2,18861.7523
49,2,18113.11546
50,2,18027.28707
51,2,18187.6877
52,2,19519.21294
53,2,21244.19206
54,2,21046.67608
55,2,Inf
56,2,20023.75304
57,2,20133.68102
58,2,19934.13983
59,2,21031.87468
60,2,22331.81449
61,2,22165.63616
62,2,21400.67675
63,2,21620.65555
64,2,24764.05923
65,2,23688.99286
66,2,23410.46167
67,2,23488.14766
68,2,27129.87938
69,2,23367.12586
70,2,23385.77231
71,2,23692.42691
72,2,26673.68735
73,2,24853.05072
74,2,25514.69017
75,2,27376.61331
76,2,26338.04685
77,2,25603.83969
78,2,27324.43263
79,2,27822.73268
80,2,29311.33356
81,2,28564.99417
82,2,29978.80022
83,2,29681.21923
84,2,28461.67973
85,2,29797.4792
86,2,30559.76287
87,2,30088.39256
88,2,31367.75319
1,3,7053.777544
2,3,8227.656597
4,3,4821.214459
5,3,6528.167074
6,3,17708.86703
7,3,3272.461345
8,3,8505.444582
9,3,4473.114722
10,3,5714.262654
11,3,14583.56914
12,3,6563.549531
13,3,9504.399511
14,3,11666.85821
15,3,13299.22079
16,3,11191.90492
17,3,8122.202142
18,3,9370.252719
19,3,11788.10158
20,3,14386.16292
21,3,14133.84881
22,3,10393.94313
23,3,11958.44733
24,3,14127.37518
25,3,17196.27268
26,3,12539.66425
27,3,13171.35347
28,3,15212.52722
29,3,16763.1893
30,3,14279.87351
31,3,13871.50993
32,3,14709.39104
33,3,16048.35625
34,3,16638.6496
35,3,18286.26167
36,3,16980.87411
37,3,15575.70026
38,3,15388.62182
39,3,15491.4465
40,3,16588.44693
41,3,16703.62762
42,3,17081.94472
43,3,18717.95694
44,3,19851.70518
45,3,20346.10435
46,3,19046.64875
47,3,17354.43882
48,3,17357.13987
49,3,17178.07215
50,3,17665.46189
51,3,18466.93786
52,3,20012.05688
53,3,21737.036
54,3,19542.06366
55,3,Inf
56,3,18785.10081
57,3,19279.45557
58,3,20235.05656
59,3,21524.71862
60,3,21311.61214
61,3,21311.4107
62,3,21061.8532
63,3,21607.66322
64,3,23259.44681
65,3,22200.81344
66,3,22171.80945
67,3,22249.49543
68,3,26310.20776
69,3,22552.02989
70,3,22951.79746
71,3,23710.49195
72,3,25169.07492
73,3,23348.4383
74,3,24028.63462
75,3,26556.94168
76,3,25518.37523
77,3,24784.16807
78,3,25836.25321
79,3,26822.09036
80,3,27823.15414
81,3,27326.34195
82,3,28580.39394
83,3,28861.54761
84,3,27848.92259
85,3,28292.86678
86,3,29321.11064
87,3,29475.63542
88,3,29863.14076
1,4,2232.563086
2,4,3669.970772
3,4,4821.214459
5,4,4902.259107
6,4,16082.95906
7,4,1646.553379
8,4,6879.536615
9,4,3783.367974
10,4,4088.354688
11,4,13497.07355
12,4,5873.802782
13,4,7878.491544
14,4,10040.95024
15,4,11673.31282
16,4,10105.40933
17,4,7035.706556
18,4,8172.218177
19,4,10162.19361
20,4,12760.25495
21,4,12507.94084
22,4,9307.447545
23,4,10332.53937
24,4,12501.46722
25,4,15570.36472
26,4,11014.56461
27,4,11545.44551
28,4,13586.61926
29,4,15676.69372
30,4,13193.37792
31,4,12785.01434
32,4,13133.74199
33,4,14422.44828
34,4,15012.74164
35,4,16660.3537
36,4,15894.37853
37,4,14489.20468
38,4,14302.12623
39,4,14404.95091
40,4,14962.53896
41,4,15077.71965
42,4,15456.03675
43,4,17092.04897
44,4,18225.79721
45,4,18720.19639
46,4,17960.15316
47,4,16267.94324
48,4,16270.64428
49,4,16091.57656
50,4,16578.9663
51,4,17054.62367
52,4,18386.14891
53,4,20111.12803
54,4,18455.56807
55,4,Inf
56,4,17698.60523
57,4,18192.95998
58,4,18801.0758
59,4,19898.81066
60,4,20225.11656
61,4,20224.91511
62,4,19975.35761
63,4,20487.59152
64,4,22172.95122
65,4,21114.31785
66,4,21085.31386
67,4,21162.99985
68,4,25223.71217
69,4,21465.53431
70,4,21865.30187
71,4,22559.36289
72,4,24082.57934
73,4,22261.94271
74,4,22942.13903
75,4,25470.44609
76,4,24431.87964
77,4,23697.67248
78,4,24749.75762
79,4,25735.59477
80,4,26736.65856
81,4,26239.84636
82,4,27493.89836
83,4,27775.05202
84,4,26762.427
85,4,27206.37119
86,4,28234.61505
87,4,28389.13983
88,4,28776.64518
1,5,2997.343203
2,5,2537.154658
3,5,6528.167074
4,5,4902.259107
6,5,13902.31428
7,5,3255.705729
8,5,2090.71895
9,5,5490.320589
10,5,4979.973175
11,5,14388.69204
12,5,6769.036209
13,5,8494.531928
14,5,7860.305456
15,5,9492.668039
16,5,10997.02782
17,5,7927.325042
18,5,8784.541845
19,5,7981.54883
20,5,10579.61017
21,5,10327.29606
22,5,10199.06603
23,5,8968.979982
24,5,11097.37658
25,5,13389.71993
26,5,10506.21607
27,5,10235.0744
28,5,12182.52862
29,5,16568.3122
30,5,14084.99641
31,5,13555.32997
32,5,12297.66136
33,5,13018.35765
34,5,13608.651
35,5,15256.26307
36,5,16785.99701
37,5,15347.08227
38,5,14090.11939
39,5,14001.51668
40,5,13652.16786
41,5,13673.62902
42,5,14051.94612
43,5,15687.95834
44,5,16821.70658
45,5,17316.10575
46,5,18818.03076
47,5,17125.82083
48,5,16800.13554
49,5,15575.96081
50,5,15490.13241
51,5,15650.53304
52,5,16982.05828
53,5,18707.0374
54,5,19000.53858
55,5,Inf
56,5,17486.59838
57,5,17596.52637
58,5,17396.98517
59,5,18494.72002
60,5,19794.65984
61,5,19628.4815
62,5,18863.52209
63,5,19083.50089
64,5,22717.92173
65,5,21151.8382
66,5,20873.30701
67,5,20950.993
68,5,24592.72473
69,5,20829.9712
70,5,20848.61765
71,5,21155.27225
72,5,24627.54984
73,5,22935.92042
74,5,22977.53552
75,5,24839.45865
76,5,23800.89219
77,5,23066.68504
78,5,24787.27797
79,5,25285.57802
80,5,26774.1789
81,5,26027.83951
82,5,27441.64556
83,5,27144.06458
84,5,25924.52507
85,5,27901.9624
86,5,28022.60821
87,5,27551.23791
88,5,29291.60273
1,6,16899.65748
2,6,16439.46894
3,6,17708.86703
4,6,16082.95906
5,6,13902.31428
7,6,14436.40568
8,6,12633.29917
9,6,13522.15068
10,6,13939.45179
11,6,3411.696269
12,6,11928.02258
13,6,11544.50469
14,6,6640.665078
15,6,8006.816768
16,6,12807.95683
17,6,10378.37162
18,6,10923.75373
19,6,9401.334957
20,6,9378.920328
21,6,8698.670795
22,6,12009.99505
23,6,11949.28936
24,6,10516.07191
25,6,10428.05319
26,6,10865.88319
27,6,12901.31407
28,6,11601.22394
29,6,15333.5348
30,6,12850.219
31,6,12369.82294
32,6,13035.60998
33,6,12998.892
34,6,13192.35463
35,6,14356.48134
36,6,15551.21961
37,6,14146.04576
38,6,13886.93482
39,6,13989.7595
40,6,14629.24076
41,6,14356.26713
42,6,14373.87446
43,6,15627.7782
44,6,16298.61337
45,6,16352.41292
46,6,17616.99425
47,6,15924.78432
48,6,15855.45288
49,6,15676.38515
50,6,16163.77489
51,6,16333.17115
52,6,17093.08412
53,6,18144.20045
54,6,18040.37666
55,6,Inf
56,6,17283.41382
57,6,17777.76857
58,6,18019.73325
59,6,18918.8629
60,6,19809.92515
61,6,19809.72371
62,6,19486.27017
63,6,19706.24897
64,6,21757.75981
65,6,20699.12644
66,6,20670.12245
67,6,20747.80844
68,6,24808.52076
69,6,21050.3429
70,6,21450.11046
71,6,21778.02033
72,6,23667.38793
73,6,22018.08446
74,6,22526.94762
75,6,25055.25469
76,6,24016.68823
77,6,23282.48107
78,6,24334.56621
79,6,25320.40337
80,6,26321.46715
81,6,25824.65495
82,6,27078.70695
83,6,27359.86061
84,6,26347.23559
85,6,26984.12643
86,6,27819.42365
87,6,27973.94842
88,6,28340.56104
1,7,3879.116464
2,7,4955.195252
3,7,3272.461345
4,7,1646.553379
5,7,3255.705729
6,7,14436.40568
8,7,5232.983237
9,7,2234.61486
10,7,2441.801309
11,7,11850.52017
12,7,4230.864344
13,7,6231.938166
14,7,8394.396862
15,7,10026.75944
16,7,8458.855952
17,7,5389.153177
18,7,6525.664799
19,7,8515.640235
20,7,11113.70157
21,7,10861.38746
22,7,7660.894166
23,7,8685.98599
24,7,10854.91384
25,7,13923.81134
26,7,9368.011227
27,7,9898.892128
28,7,11940.06588
29,7,14030.14034
30,7,11546.82454
31,7,11138.46097
32,7,11487.18861
33,7,12775.8949
34,7,13366.18826
35,7,15013.80032
36,7,14247.82515
37,7,12842.6513
38,7,12655.57285
39,7,12758.39753
40,7,13315.98558
41,7,13431.16627
42,7,13809.48337
43,7,15445.4956
44,7,16579.24383
45,7,17073.64301
46,7,16313.59978
47,7,14621.38986
48,7,14624.09091
49,7,14445.02318
50,7,14932.41292
51,7,15408.07029
52,7,16739.59554
53,7,18464.57465
54,7,16809.01469
55,7,Inf
56,7,16052.05185
57,7,16546.4066
58,7,17154.52243
59,7,18252.25728
60,7,18578.56318
61,7,18578.36173
62,7,18328.80423
63,7,18841.03815
64,7,20526.39784
65,7,19467.76447
66,7,19438.76048
67,7,19516.44647
68,7,23577.15879
69,7,19818.98093
70,7,20218.74849
71,7,20912.80951
72,7,22436.02596
73,7,20615.38933
74,7,21295.58565
75,7,23823.89271
76,7,22785.32626
77,7,22051.1191
78,7,23103.20424
79,7,24089.0414
80,7,25090.10518
81,7,24593.29298
82,7,25847.34498
83,7,26128.49864
84,7,25115.87362
85,7,25559.81782
86,7,26588.06168
87,7,26742.58645
88,7,27130.0918
1,8,5088.062153
2,8,4627.873608
3,8,8505.444582
4,8,6879.536615
5,8,2090.71895
6,8,12633.29917
7,8,5232.983237
9,8,7467.598097
10,8,6957.250682
11,8,14770.2165
12,8,8746.313717
13,8,8638.64158
14,8,6591.290349
15,8,8223.652932
16,8,12845.90005
17,8,9904.60255
18,8,8540.62262
19,8,6712.533723
20,8,9310.595063
21,8,9058.280949
22,8,12047.93826
23,8,8725.060758
24,8,9982.721717
25,8,12120.70483
26,8,10262.29684
27,8,9991.155178
28,8,11067.87376
29,8,16352.93218
30,8,13869.61638
31,8,13311.41075
32,8,12053.74214
33,8,12383.05937
34,8,12631.88448
35,8,14279.49655
36,8,16570.61699
37,8,15103.16304
38,8,13846.20016
39,8,13757.59746
40,8,13408.24863
41,8,13429.70979
42,8,13808.02689
43,8,15067.30805
44,8,16201.05629
45,8,16339.33923
46,8,18574.11153
47,8,16881.90161
48,8,16556.21631
49,8,15332.04158
50,8,15246.21318
51,8,15406.61381
52,8,16532.61397
53,8,18086.38711
54,8,18756.61936
55,8,Inf
56,8,17242.67916
57,8,17352.60714
58,8,17153.06595
59,8,18250.8008
60,8,19550.74061
61,8,19384.56227
62,8,18619.60287
63,8,18839.58167
64,8,22474.0025
65,8,20907.91897
66,8,20629.38779
67,8,20707.07378
68,8,24348.8055
69,8,20586.05198
70,8,20604.69843
71,8,20911.35303
72,8,24383.63062
73,8,22692.0012
74,8,22733.61629
75,8,24595.53942
76,8,23556.97297
77,8,22822.76581
78,8,24543.35875
79,8,25041.65879
80,8,26530.25968
81,8,25783.92029
82,8,27197.72634
83,8,26900.14535
84,8,25680.60585
85,8,27658.04317
86,8,27778.68898
87,8,27307.31868
88,8,29047.6835
1,9,6015.931059
2,9,7189.810112
3,9,4473.114722
4,9,3783.367974
5,9,5490.320589
6,9,13522.15068
7,9,2234.61486
8,9,7467.598097
10,9,3318.744889
11,9,10110.45442
12,9,2090.434809
13,9,5201.267498
14,9,10629.01172
15,9,12261.3743
16,9,6718.790195
17,9,3649.08742
18,9,4897.137997
19,9,9803.526167
20,9,12542.7809
21,9,13096.00232
22,9,5920.828409
23,9,8062.672266
24,9,10709.73185
25,9,16158.4262
26,9,8066.549529
27,9,9275.578405
28,9,11794.88389
29,9,12290.07458
30,9,9806.758783
31,9,9398.395209
32,9,10236.27632
33,9,12263.04721
34,9,12911.00097
35,9,14812.81223
36,9,12507.75939
37,9,11102.58554
38,9,10915.5071
39,9,11018.33177
40,9,12626.31559
41,9,12918.31858
42,9,13296.63569
43,9,14932.64791
44,9,16066.39614
45,9,16928.46102
46,9,14573.53403
47,9,12881.3241
48,9,12884.02515
49,9,12704.95743
50,9,13192.34716
51,9,13993.82314
52,9,16226.74785
53,9,17951.72697
54,9,15068.94894
55,9,Inf
56,9,14311.98609
57,9,14806.34084
58,9,15761.94184
59,9,17600.23267
60,9,16838.49742
61,9,16838.29598
62,9,16588.73847
63,9,17134.5485
64,9,18786.33208
65,9,17727.69871
66,9,17698.69472
67,9,17776.38071
68,9,21837.09304
69,9,18078.91517
70,9,18478.68273
71,9,19237.37722
72,9,20695.9602
73,9,18875.32357
74,9,19555.51989
75,9,22083.82696
76,9,21045.2605
77,9,20311.05335
78,9,21363.13849
79,9,22348.97564
80,9,23350.03942
81,9,22853.22722
82,9,24107.27922
83,9,24388.43289
84,9,23375.80786
85,9,23819.75206
86,9,24847.99592
87,9,25002.5207
88,9,25390.02604
1,10,6320.917774
2,10,6679.462698
3,10,5714.262654
4,10,4088.354688
5,10,4979.973175
6,10,13939.45179
7,10,2441.801309
8,10,6957.250682
9,10,3318.744889
11,10,10527.75552
12,10,2908.099688
13,10,4508.139544
14,10,8069.277225
15,10,9701.639807
16,10,7136.091296
17,10,4066.388521
18,10,4801.866177
19,10,8190.520598
20,10,10788.58194
21,10,10536.26782
22,10,6338.12951
23,10,6962.187367
24,10,9131.115216
25,10,13598.6917
26,10,7644.212605
27,10,8175.093506
28,10,10216.26726
29,10,12707.37568
30,10,10224.05988
31,10,9815.69631
32,10,9763.389991
33,10,11052.09628
34,10,11642.38964
35,10,13290.0017
36,10,12925.06049
37,10,11519.88664
38,10,11228.11592
39,10,11158.44131
40,10,11592.18696
41,10,11707.36765
42,10,12085.68475
43,10,13721.69697
44,10,14855.44521
45,10,15349.84438
46,10,14990.83513
47,10,13298.6252
48,10,13301.32625
49,10,12845.06697
50,10,13332.4567
51,10,13684.27167
52,10,15015.79691
53,10,16740.77603
54,10,15486.25004
55,10,Inf
56,10,14624.59492
57,10,14946.45038
58,10,15430.7238
59,10,16528.45866
60,10,17144.58385
61,10,16978.40552
62,10,16728.84801
63,10,17117.23952
64,10,19203.63318
65,10,18144.99982
66,10,18011.30355
67,10,18088.98954
68,10,21977.20258
69,10,18219.02471
70,10,18618.79227
71,10,19189.01089
72,10,21113.2613
73,10,19292.62468
74,10,19972.82099
75,10,22223.9365
76,10,21185.37004
77,10,20451.16288
78,10,21780.43959
79,10,22670.05587
80,10,23767.34052
81,10,23165.83605
82,10,24524.58032
83,10,24528.54242
84,10,23515.9174
85,10,24237.05316
86,10,25160.60474
87,10,25142.63023
88,10,25807.32714
1,11,15729.63664
2,11,16088.18156
3,11,14583.56914
4,11,13497.07355
5,11,14388.69204
6,11,3411.696269
7,11,11850.52017
8,11,14770.2165
9,11,10110.45442
10,11,10527.75552
12,11,8516.326312
13,11,8445.142087
14,11,8848.123796
15,11,10214.27549
16,11,9396.260562
17,11,6966.675348
18,11,7824.391128
19,11,11133.85491
20,11,11586.37905
21,11,10906.12951
22,11,8598.298777
23,11,9080.931377
24,11,12040.06059
25,11,12833.21276
26,11,7766.520585
27,11,9849.631855
28,11,13125.21263
29,11,12234.1722
30,11,9750.856402
31,11,9270.460334
32,11,9936.247373
33,11,12758.8163
34,11,13406.77005
35,11,15308.58131
36,11,12451.85701
37,11,11046.68316
38,11,10787.57222
39,11,10890.3969
40,11,12498.38071
41,11,13414.08767
42,11,13792.40477
43,11,15428.41699
44,11,16562.16523
45,11,17541.04601
46,11,14517.63165
47,11,12825.42172
48,11,12756.09027
49,11,12577.02255
50,11,13064.41229
51,11,13865.88826
52,11,16722.51693
53,11,18447.49605
54,11,14941.01406
55,11,Inf
56,11,14184.05122
57,11,14678.40597
58,11,15634.00697
59,11,17472.29779
60,11,16710.56255
61,11,16710.3611
62,11,16460.8036
63,11,17006.61362
64,11,18658.39721
65,11,17599.76384
66,11,17570.75985
67,11,17648.44584
68,11,21709.15816
69,11,17950.9803
70,11,18350.74786
71,11,19109.44235
72,11,20568.02533
73,11,18690.75102
74,11,19427.58502
75,11,21955.89208
76,11,20917.32563
77,11,20183.11847
78,11,21235.20361
79,11,22221.04076
80,11,23222.10454
81,11,22725.29235
82,11,23979.34435
83,11,24260.49801
84,11,23247.87299
85,11,23635.17951
86,11,24720.06104
87,11,24874.58582
88,11,25301.84128
1,12,8106.365868
2,12,8468.525732
3,12,6563.549531
4,12,5873.802782
5,12,6769.036209
6,12,11928.02258
7,12,4230.864344
8,12,8746.313717
9,12,2090.434809
10,12,2908.099688
11,12,8516.326312
13,12,3607.139394
14,12,10977.37691
15,12,12609.73949
16,12,5124.662091
17,12,2054.959316
18,12,3303.009893
19,12,8209.398063
20,12,10948.6528
21,12,11725.60862
22,12,4326.700305
23,12,6468.544162
24,12,9115.603748
25,12,16506.79139
26,12,6472.421425
27,12,7681.450301
28,12,10200.75579
29,12,10695.94648
30,12,8212.630679
31,12,7804.267105
32,12,8642.148214
33,12,10668.91911
34,12,11316.87286
35,12,13218.68412
36,12,10913.63129
37,12,9508.457437
38,12,9321.378993
39,12,9424.203669
40,12,11032.18749
41,12,11324.19048
42,12,11702.50758
43,12,13338.5198
44,12,14472.26804
45,12,15334.33292
46,12,12979.40592
47,12,11287.196
48,12,11289.89705
49,12,11110.82932
50,12,11598.21906
51,12,12399.69503
52,12,14632.61974
53,12,16357.59886
54,12,13474.82083
55,12,Inf
56,12,12717.85799
57,12,13212.21274
58,12,14167.81374
59,12,16006.10456
60,12,15244.36932
61,12,15244.16787
62,12,14994.61037
63,12,15540.42039
64,12,17192.20398
65,12,16133.57061
66,12,16104.56662
67,12,16182.25261
68,12,20242.96493
69,12,16484.78707
70,12,16884.55463
71,12,17643.24912
72,12,19101.8321
73,12,17281.19547
74,12,17961.39179
75,12,20489.69885
76,12,19451.1324
77,12,18716.92524
78,12,19769.01038
79,12,20754.84754
80,12,21755.91132
81,12,21259.09912
82,12,22513.15112
83,12,22794.30478
84,12,21781.67976
85,12,22225.62396
86,12,23253.86781
87,12,23408.39259
88,12,23795.89794
1,13,10111.05463
2,13,10194.02145
3,13,9504.399511
4,13,7878.491544
5,13,8494.531928
6,13,11544.50469
7,13,6231.938166
8,13,8638.64158
9,13,5201.267498
10,13,4508.139544
11,13,8445.142087
12,13,3607.139394
14,13,8762.298065
15,13,10394.66065
16,13,5008.701937
17,13,2769.98295
18,13,1654.916716
19,13,6421.602994
20,13,9160.857727
21,13,9937.813552
22,13,4210.740152
23,13,4680.749093
24,13,7327.808679
25,13,14291.71254
26,13,5362.774331
27,13,5893.655232
28,13,8412.960719
29,13,10027.85776
30,13,7544.541965
31,13,7064.145897
32,13,7481.951716
33,13,8881.12404
34,13,9529.077795
35,13,11430.88905
36,13,10245.54257
37,13,8840.368723
38,13,8581.257785
39,13,8684.082461
40,13,9310.748688
41,13,9536.395411
42,13,9914.712512
43,13,11550.72473
44,13,12684.47297
45,13,13546.53785
46,13,12311.31721
47,13,10619.10728
48,13,10549.77584
49,13,10370.70811
50,13,10858.09785
51,13,11513.29943
52,13,12844.82467
53,13,14569.80379
54,13,12734.69963
55,13,Inf
56,13,11977.73678
57,13,12472.09153
58,13,13259.75156
59,13,14357.48642
60,13,14504.24811
61,13,14504.04667
62,13,14254.48916
63,13,14800.29918
64,13,16452.08277
65,13,15393.4494
66,13,15364.44541
67,13,15442.1314
68,13,19502.84372
69,13,15744.66586
70,13,16144.43342
71,13,16903.12791
72,13,18361.71089
73,13,16812.01174
74,13,17221.27058
75,13,19749.57765
76,13,18711.01119
77,13,17976.80403
78,13,19028.88917
79,13,20014.72633
80,13,21015.79011
81,13,20518.97791
82,13,21773.02991
83,13,22054.18357
84,13,21041.55855
85,13,21756.44022
86,13,22513.74661
87,13,22668.27138
88,13,23201.87848
1,14,10857.64866
2,14,10397.46011
3,14,11666.85821
4,14,10040.95024
5,14,7860.305456
6,14,6640.665078
7,14,8394.396862
8,14,6591.290349
9,14,10629.01172
10,14,8069.277225
11,14,8848.123796
12,14,10977.37691
13,14,8762.298065
15,14,2877.191757
16,14,12500.1366
17,14,10581.93883
18,14,8198.758935
19,14,3359.326135
20,14,3964.133888
21,14,3711.819774
22,14,11702.17482
23,14,5942.196439
24,14,4636.260543
25,14,6774.243651
26,14,8928.962598
27,14,6894.221146
28,14,5721.412582
29,14,14747.44636
30,14,12794.95837
31,14,11745.20599
32,14,8878.523741
33,14,7079.618192
34,14,7312.543269
35,14,8960.155336
36,14,14124.54449
37,14,12439.17041
38,14,10149.76759
39,14,8995.543238
40,14,8622.147838
41,14,8349.174208
42,14,8494.063095
43,14,9747.966842
44,14,10881.71508
45,14,11019.99802
46,14,15910.1189
47,14,14217.90897
48,14,12834.26394
49,14,10569.98736
50,14,10460.11239
51,14,10326.07823
52,14,11213.27276
53,14,12767.0459
54,14,16092.62672
55,14,Inf
56,14,13347.02822
57,14,12538.39156
58,14,12072.53036
59,14,13039.05153
60,14,14736.52503
61,14,14570.34669
62,14,13539.06728
63,14,13759.04608
64,14,19810.00987
65,14,17185.9666
66,14,16907.43541
67,14,16985.1214
68,14,19307.53024
69,14,15544.77672
70,14,15524.16284
71,14,15830.81744
72,14,21719.63798
73,14,18970.04882
74,14,18847.01701
75,14,19554.26417
76,14,18515.69771
77,14,17781.49055
78,14,20821.40637
79,14,20000.38354
80,14,22808.30731
81,14,21828.90108
82,14,22305.23878
83,14,21858.87009
84,14,20639.33059
85,14,23936.0908
86,14,23823.66978
87,14,22266.04342
88,14,25325.73113
1,15,12490.01124
2,15,12029.8227
3,15,13299.22079
4,15,11673.31282
5,15,9492.668039
6,15,8006.816768
7,15,10026.75944
8,15,8223.652932
9,15,12261.3743
10,15,9701.639807
11,15,10214.27549
12,15,12609.73949
13,15,10394.66065
14,15,2877.191757
16,15,14087.49804
17,15,12169.30026
18,15,9786.120369
19,15,4991.688717
20,15,2431.602822
21,15,2161.767548
22,15,13289.53625
23,15,7529.557873
24,15,4282.420142
25,15,4448.387931
26,15,10194.88619
27,15,8160.144741
28,15,5525.335397
29,15,15505.38394
30,15,13938.8711
31,15,13000.83544
32,15,10144.44734
33,15,7324.029387
34,15,7517.492021
35,15,8229.52959
36,15,14882.48207
37,15,13197.10799
38,15,10907.70516
39,15,9753.480818
40,15,9380.085418
41,15,9062.976544
42,15,8699.011847
43,15,9952.915594
44,15,10126.34416
45,15,10372.74766
46,15,16668.05648
47,15,14975.84655
48,15,13592.20152
49,15,11327.92494
50,15,11218.04997
51,15,10962.66609
52,15,11418.22151
53,15,12080.1251
54,15,16850.5643
55,15,Inf
56,15,14104.9658
57,15,13296.32914
58,15,12344.87064
59,15,13244.00029
60,15,15494.46261
61,15,15328.28427
62,15,13811.40756
63,15,14031.38636
64,15,20567.94745
65,15,17943.90418
66,15,17665.37299
67,15,17743.05898
68,15,19579.87052
69,15,15817.117
70,15,15796.50312
71,15,16103.15772
72,15,22477.57556
73,15,19727.9864
74,15,19604.95459
75,15,19826.60444
76,15,18788.03799
77,15,18053.83083
78,15,21277.18433
79,15,20272.72381
80,15,23264.08527
81,15,22188.60561
82,15,22577.57906
83,15,22131.21037
84,15,20911.67087
85,15,24694.02838
86,15,24178.67176
87,15,22538.3837
88,15,26083.66871
1,16,12337.97242
2,16,12696.51734
3,16,11191.90492
4,16,10105.40933
5,16,10997.02782
6,16,12807.95683
7,16,8458.855952
8,16,12845.90005
9,16,6718.790195
10,16,7136.091296
11,16,9396.260562
12,16,5124.662091
13,16,5008.701937
14,16,12500.1366
15,16,14087.49804
17,16,3069.702775
18,16,4387.950978
19,16,9290.439389
20,16,12029.69412
21,16,12806.64995
22,16,2709.063395
23,16,7237.515857
24,16,10196.64507
25,16,17581.76949
26,16,6414.447485
27,16,8392.221207
28,16,11281.79711
29,16,10456.80803
30,16,7973.492233
31,16,7569.799781
32,16,8584.174274
33,16,11376.34083
34,16,12024.29458
35,16,13926.10584
36,16,10674.49284
37,16,9269.318991
38,16,9096.593254
39,16,9216.474745
40,16,10824.45856
41,16,12031.6122
42,16,12409.9293
43,16,14045.94152
44,16,15179.68976
45,16,16158.57054
46,16,12740.26748
47,16,11048.05755
48,16,11055.42972
49,16,10903.1004
50,16,11390.49013
51,16,12191.96611
52,16,15221.957
53,16,17065.02058
54,16,13240.35351
55,16,Inf
56,16,12493.07225
57,16,13004.48382
58,16,13960.08481
59,16,15798.37564
60,16,15019.58358
61,16,15036.43895
62,16,14786.88144
63,16,15332.69147
64,16,16957.73665
65,16,15899.10329
66,16,15879.78088
67,16,15957.46687
68,16,20035.23601
69,16,16277.05814
70,16,16676.8257
71,16,17435.5202
72,16,18867.36477
73,16,16991.61465
74,16,17726.92446
75,16,20281.96993
76,16,19243.40348
77,16,18509.19632
78,16,19534.54306
79,16,20520.38021
80,16,21521.44399
81,16,21034.31338
82,16,22278.68379
83,16,22586.57586
84,16,21573.95083
85,16,21936.04313
86,16,23029.08208
87,16,23200.66367
88,16,23506.31712
1,17,9268.269641
2,17,9626.814566
3,17,8122.202142
4,17,7035.706556
5,17,7927.325042
6,17,10378.37162
7,17,5389.153177
8,17,9904.60255
9,17,3649.08742
10,17,4066.388521
11,17,6966.675348
12,17,2054.959316
13,17,2769.98295
14,17,10581.93883
15,17,12169.30026
16,17,3069.702775
18,17,2465.853448
19,17,7372.241618
20,17,10111.49635
21,17,10888.45218
22,17,2271.740989
23,17,5405.732375
24,17,8278.447303
25,17,15749.986
26,17,4649.068991
27,17,6560.437724
28,17,9363.599343
29,17,8691.429538
30,17,6208.113739
31,17,5804.421287
32,17,6818.79578
33,17,9544.557344
34,17,10192.5111
35,17,12094.32236
36,17,8909.114347
37,17,7503.940497
38,17,7331.21476
39,17,7451.096251
40,17,9059.080067
41,17,10199.82871
42,17,10578.14582
43,17,12214.15804
44,17,13347.90627
45,17,14326.78706
46,17,10974.88898
47,17,9282.679058
48,17,9290.051227
49,17,9137.721904
50,17,9625.111641
51,17,10426.58762
52,17,13456.57851
53,17,15233.2371
54,17,11474.97501
55,17,Inf
56,17,10727.69376
57,17,11239.10532
58,17,12194.70632
59,17,14032.99714
60,17,13254.20508
61,17,13271.06046
62,17,13021.50295
63,17,13567.31297
64,17,15192.35816
65,17,14133.72479
66,17,14114.40239
67,17,14192.08837
68,17,18269.85751
69,17,14511.67965
70,17,14911.44721
71,17,15670.1417
72,17,17101.98628
73,17,15226.23615
74,17,15961.54597
75,17,18516.59143
76,17,17478.02498
77,17,16743.81782
78,17,17769.16456
79,17,18755.00172
80,17,19756.0655
81,17,19268.93489
82,17,20513.3053
83,17,20821.19736
84,17,19808.57234
85,17,20170.66464
86,17,21263.70358
87,17,21435.28517
88,17,21740.93862
1,18,10404.78126
2,18,10487.74808
3,18,9370.252719
4,18,8172.218177
5,18,8784.541845
6,18,10923.75373
7,18,6525.664799
8,18,8540.62262
9,18,4897.137997
10,18,4801.866177
11,18,7824.391128
12,18,3303.009893
13,18,1654.916716
14,18,8198.758935
15,18,9786.120369
16,18,4387.950978
17,18,2465.853448
19,18,4989.061722
20,18,7728.316455
21,18,8505.27228
22,18,3589.989193
23,18,3248.207821
24,18,5895.267407
25,18,13439.18026
26,18,3930.233059
27,18,4461.11396
28,18,6980.419447
29,18,9407.106804
30,18,6923.791006
31,18,6443.394938
32,18,6049.410444
33,18,7448.582768
34,18,8096.536523
35,18,9998.347781
36,18,9624.791614
37,18,8219.617764
38,18,7514.136377
39,18,7444.461766
40,18,7878.207416
41,18,8103.854139
42,18,8482.17124
43,18,10118.18346
44,18,11251.9317
45,18,12113.99658
46,18,11690.56625
47,18,9998.356324
48,18,9929.024878
49,18,9131.087419
50,18,9618.477156
51,18,10080.75816
52,18,11412.2834
53,18,13137.26252
54,18,12113.94867
55,18,Inf
56,18,10910.61537
57,18,11232.47084
58,18,11827.21029
59,18,12924.94515
60,18,13430.60431
61,18,13264.42597
62,18,13014.86847
63,18,13513.72601
64,18,15831.33181
65,18,14575.85519
66,18,14297.324
67,18,14375.00999
68,18,18263.22303
69,18,14505.04516
70,18,14904.81273
71,18,15585.49738
72,18,17740.95993
73,18,16191.26078
74,18,16401.55251
75,18,18509.95695
76,18,17471.3905
77,18,16737.18334
78,18,18211.29496
79,18,18956.07632
80,18,20198.19589
81,18,19451.8565
82,18,20865.66255
83,18,20814.56288
84,18,19801.93786
85,18,21135.68926
86,18,21446.6252
87,18,21428.65069
88,18,22581.12752
1,19,10978.89203
2,19,10518.70349
3,19,11788.10158
4,19,10162.19361
5,19,7981.54883
6,19,9401.334957
7,19,8515.640235
8,19,6712.533723
9,19,9803.526167
10,19,8190.520598
11,19,11133.85491
12,19,8209.398063
13,19,6421.602994
14,19,3359.326135
15,19,4991.688717
16,19,9290.439389
17,19,7372.241618
18,19,4989.061722
20,19,5177.406212
21,19,5826.316734
22,19,8492.477604
23,19,2732.499226
24,19,3344.357164
25,19,8888.740611
26,19,5915.539193
27,19,3802.513375
28,19,4429.509204
29,19,12404.35117
30,19,9781.534969
31,19,8731.782583
32,19,5865.100336
33,19,5685.920628
34,19,5934.745736
35,19,7582.357803
36,19,11781.4493
37,19,10096.07522
38,19,7946.119868
39,19,7180.272348
40,19,6806.876948
41,19,6741.195172
42,19,7116.265562
43,19,8370.16931
44,19,9503.917546
45,19,9642.200485
46,19,13567.02371
47,19,11874.81378
48,19,10630.61622
49,19,8754.716475
50,19,8644.841498
51,19,8718.099192
52,19,9835.475223
53,19,11389.24837
54,19,13749.53153
55,19,Inf
56,19,11317.07907
57,19,10723.12067
58,19,10464.55133
59,19,11562.28618
60,19,12921.25414
61,19,12755.0758
62,19,11931.08825
63,19,12151.06705
64,19,17466.91468
65,19,14982.31888
66,19,14703.7877
67,19,14781.47369
68,19,17699.55121
69,19,13936.79768
70,19,13916.18381
71,19,14222.83841
72,19,19376.5428
73,19,16766.40111
74,19,16808.0162
75,19,17946.28513
76,19,16907.71868
77,19,16173.51152
78,19,18617.75866
79,19,18392.4045
80,19,20604.65959
81,19,19858.3202
82,19,20697.25975
83,19,20250.89106
84,19,19031.35156
85,19,21732.44308
86,19,21853.08889
87,19,20658.06439
88,19,23122.08341
1,20,13576.95337
2,20,13116.76483
3,20,14386.16292
4,20,12760.25495
5,20,10579.61017
6,20,9378.920328
7,20,11113.70157
8,20,9310.595063
9,20,12542.7809
10,20,10788.58194
11,20,11586.37905
12,20,10948.6528
13,20,9160.857727
14,20,3964.133888
15,20,2431.602822
16,20,12029.69412
17,20,10111.49635
18,20,7728.316455
19,20,5177.406212
21,20,1804.689594
22,20,11231.73234
23,20,5471.753959
24,20,2224.616228
25,20,6187.960536
26,20,8222.498734
27,20,6187.757282
28,20,3552.947938
29,20,13532.99648
30,20,11966.48364
31,20,11028.44798
32,20,8172.059877
33,20,5351.641929
34,20,5545.104562
35,20,7192.716629
36,20,12910.09461
37,20,11224.72053
38,20,8935.317706
39,20,7781.093359
40,20,7407.697959
41,20,7090.589085
42,20,6726.624388
43,20,7980.528135
44,20,9114.276372
45,20,9252.559311
46,20,14695.66902
47,20,13003.45909
48,20,11619.81406
49,20,9355.537486
50,20,9245.662509
51,20,8990.278635
52,20,9445.834048
53,20,10999.60719
54,20,14878.17684
55,20,Inf
56,20,12132.57834
57,20,11323.94168
58,20,10372.48318
59,20,11271.61283
60,20,13522.07515
61,20,13355.89681
62,20,11839.0201
63,20,12058.9989
64,20,18595.55999
65,20,15971.51672
66,20,15692.98554
67,20,15770.67152
68,20,17607.48306
69,20,13844.72954
70,20,13824.11567
71,20,14130.77026
72,20,20505.18811
73,20,17755.59894
74,20,17632.56713
75,20,17854.21699
76,20,16815.65053
77,20,16081.44337
78,20,19304.79687
79,20,18300.33636
80,20,21291.69781
81,20,20216.21815
82,20,20605.1916
83,20,20158.82291
84,20,18939.28341
85,20,22721.64092
86,20,22206.2843
87,20,20565.99624
88,20,24111.28125
1,21,13324.63926
2,21,12864.45071
3,21,14133.84881
4,21,12507.94084
5,21,10327.29606
6,21,8698.670795
7,21,10861.38746
8,21,9058.280949
9,21,13096.00232
10,21,10536.26782
11,21,10906.12951
12,21,11725.60862
13,21,9937.813552
14,21,3711.819774
15,21,2161.767548
16,21,12806.64995
17,21,10888.45218
18,21,8505.27228
19,21,5826.316734
20,21,1804.689594
22,21,12008.68816
23,21,6248.709785
24,21,3162.790424
25,21,5100.161527
26,21,8338.559206
27,21,6303.817754
28,21,3669.00841
29,21,13649.05695
30,21,12082.54411
31,21,11144.50846
32,21,8288.120349
33,21,5467.702401
34,21,5661.165034
35,21,7308.777101
36,21,13026.15508
37,21,11340.781
38,21,9051.378178
39,21,7897.153831
40,21,7523.758431
41,21,7206.649557
42,21,6842.68486
43,21,8096.588607
44,21,9230.336844
45,21,9368.619783
46,21,14811.72949
47,21,13119.51956
48,21,11735.87453
49,21,9471.597958
50,21,9361.722981
51,21,9106.339107
52,21,9561.89452
53,21,11115.66767
54,21,14994.23731
55,21,Inf
56,21,12248.63881
57,21,11440.00215
58,21,10488.54365
59,21,11387.6733
60,21,13638.13562
61,21,13471.95728
62,21,11955.08057
63,21,12175.05937
64,21,18711.62046
65,21,16087.57719
66,21,15809.04601
67,21,15886.732
68,21,17723.54354
69,21,13960.79001
70,21,13940.17614
71,21,14246.83074
72,21,20621.24858
73,21,17871.65942
74,21,17748.6276
75,21,17970.27746
76,21,16931.711
77,21,16197.50385
78,21,19420.85735
79,21,18416.39683
80,21,21407.75828
81,21,20332.27862
82,21,20721.25208
83,21,20274.88339
84,21,19055.34388
85,21,22837.70139
86,21,22322.34477
87,21,20682.05672
88,21,24227.34172
1,22,11540.01063
2,22,11898.55556
3,22,10393.94313
4,22,9307.447545
5,22,10199.06603
6,22,12009.99505
7,22,7660.894166
8,22,12047.93826
9,22,5920.828409
10,22,6338.12951
11,22,8598.298777
12,22,4326.700305
13,22,4210.740152
14,22,11702.17482
15,22,13289.53625
16,22,2709.063395
17,22,2271.740989
18,22,3589.989193
19,22,8492.477604
20,22,11231.73234
21,22,12008.68816
23,22,6439.554072
24,22,9398.68329
25,22,16783.8077
26,22,5616.4857
27,22,7594.259422
28,22,10483.83533
29,22,8432.770248
30,22,5949.454449
31,22,5779.617307
32,22,7786.212489
33,22,10578.37904
34,22,11226.3328
35,22,13128.14405
36,22,8650.455057
37,22,7245.281207
38,22,7856.542789
39,22,8366.512841
40,22,9974.496657
41,22,11233.65041
42,22,11611.96751
43,22,13247.97974
44,22,14381.72797
45,22,15360.60876
46,22,10716.22969
47,22,9024.019768
48,22,9484.661991
49,22,9998.489447
50,22,10540.52823
51,22,11342.00421
52,22,14371.9951
53,22,16265.32117
54,22,11626.19388
55,22,Inf
56,22,11090.11999
57,22,12129.90253
58,22,13110.12291
59,22,14948.41373
60,22,13616.63132
61,22,14161.85767
62,22,13912.30016
63,22,14458.11019
64,22,15382.18862
65,22,14323.55525
66,22,14476.82862
67,22,14554.51461
68,22,19160.65473
69,22,15402.47686
70,22,15802.24442
71,22,16560.93891
72,22,17291.81673
73,22,16107.63747
74,22,16151.37643
75,22,19407.38865
76,22,18368.82219
77,22,17634.61503
78,22,17958.99502
79,22,18944.83217
80,22,19945.89595
81,22,19631.36112
82,22,20703.13575
83,22,21033.24085
84,22,20699.36955
85,22,21073.67945
86,22,21626.12982
87,22,22326.08238
88,22,22463.31978
1,23,11966.32319
2,23,11506.13464
3,23,11958.44733
4,23,10332.53937
5,23,8968.979982
6,23,11949.28936
7,23,8685.98599
8,23,8725.060758
9,23,8062.672266
10,23,6962.187367
11,23,9080.931377
12,23,6468.544162
13,23,4680.749093
14,23,5942.196439
15,23,7529.557873
16,23,7237.515857
17,23,5405.732375
18,23,3248.207821
19,23,2732.499226
20,23,5471.753959
21,23,6248.709785
22,23,6439.554072
24,23,3638.704912
25,23,11131.02312
26,23,3427.370683
27,23,1938.125652
28,23,4723.856951
29,23,10419.98477
30,23,7822.305608
31,23,6476.484588
32,23,4000.712613
33,23,4925.594459
34,23,5573.548214
35,23,7475.359472
36,23,9917.061574
37,23,8231.687496
38,23,6081.732145
39,23,5704.56793
40,23,5355.219108
41,23,5580.865831
42,23,5959.182932
43,23,7595.195154
44,23,8728.94339
45,23,9707.824176
46,23,11702.63598
47,23,10010.42606
48,23,8766.2285
49,23,7279.012056
50,23,7193.183657
51,23,7557.769851
52,23,8889.295094
53,23,10614.27421
54,23,11885.14381
55,23,Inf
56,23,9452.691344
57,23,9299.577615
58,23,9304.221985
59,23,10401.95684
60,23,11497.71108
61,23,11331.53275
62,23,10770.7589
63,23,10990.7377
64,23,15602.52695
65,23,13117.93116
66,23,12839.39997
67,23,12917.08596
68,23,16295.77598
69,23,12533.02245
70,23,12730.45119
71,23,13062.50907
72,23,17512.15507
73,23,14902.01338
74,23,14943.62848
75,23,16542.5099
76,23,15503.94344
77,23,14769.73628
78,23,16753.37093
79,23,16988.62927
80,23,18740.27187
81,23,17993.93248
82,23,19293.48451
83,23,18847.11583
84,23,17627.57632
85,23,19868.05536
86,23,19988.70117
87,23,19254.28916
88,23,21257.69569
1,24,14094.71979
2,24,13634.53124
3,24,14127.37518
4,24,12501.46722
5,24,11097.37658
6,24,10516.07191
7,24,10854.91384
8,24,9982.721717
9,24,10709.73185
10,24,9131.115216
11,24,12040.06059
12,24,9115.603748
13,24,7327.808679
14,24,4636.260543
15,24,4282.420142
16,24,10196.64507
17,24,8278.447303
18,24,5895.267407
19,24,3344.357164
20,24,2224.616228
21,24,3162.790424
22,24,9398.68329
23,24,3638.704912
25,24,7935.480037
26,24,6424.178277
27,24,4389.436824
28,24,1925.938402
29,24,11734.67602
30,24,10168.16318
31,24,9230.127527
32,24,6373.739419
33,24,3553.321471
34,24,3746.784105
35,24,5394.396171
36,24,11111.77415
37,24,9426.400073
38,24,7136.997249
39,24,5982.772902
40,24,5609.377502
41,24,5292.268628
42,24,4928.303931
43,24,6182.207678
44,24,7315.955915
45,24,7454.238853
46,24,12897.34856
47,24,11205.13863
48,24,9821.493604
49,24,7557.217028
50,24,7447.342051
51,24,7191.958178
52,24,7647.513591
53,24,9201.286737
54,24,13079.85638
55,24,Inf
56,24,10334.25788
57,24,9525.621221
58,24,8574.162725
59,24,9473.29237
60,24,11723.75469
61,24,11557.57635
62,24,10040.69964
63,24,10260.67844
64,24,16797.23953
65,24,14173.19626
66,24,13894.66508
67,24,13972.35107
68,24,15809.16261
69,24,12046.40908
70,24,12025.79521
71,24,12332.44981
72,24,18706.86765
73,24,15957.27849
74,24,15834.24667
75,24,16055.89653
76,24,15017.33007
77,24,14283.12292
78,24,17506.47642
79,24,16502.0159
80,24,19493.37735
81,24,18417.89769
82,24,18806.87115
83,24,18360.50246
84,24,17140.96296
85,24,20923.32046
86,24,20407.96384
87,24,18767.67579
88,24,22312.96079
1,25,16387.06314
2,25,15926.87459
3,25,17196.27268
4,25,15570.36472
5,25,13389.71993
6,25,10428.05319
7,25,13923.81134
8,25,12120.70483
9,25,16158.4262
10,25,13598.6917
11,25,12833.21276
12,25,16506.79139
13,25,14291.71254
14,25,6774.243651
15,25,4448.387931
16,25,17581.76949
17,25,15749.986
18,25,13439.18026
19,25,8888.740611
20,25,6187.960536
21,25,5100.161527
22,25,16783.8077
23,25,11131.02312
24,25,7935.480037
26,25,11227.63892
27,25,9192.897467
28,25,8512.924275
29,25,15328.46951
30,25,13761.95667
31,25,12894.97144
32,25,11047.18141
33,25,6612.129331
34,25,5918.969256
35,25,3928.428151
36,25,14705.56764
37,25,13020.19356
38,25,10730.79074
39,25,9681.636174
40,25,8459.848189
41,25,6900.13755
42,25,5171.840187
43,25,5833.622732
44,25,5870.560182
45,25,5924.35973
46,25,16491.14205
47,25,14798.93212
48,25,13162.53315
49,25,10497.50984
50,25,9445.93132
51,25,7624.618093
52,25,7356.436873
53,25,7716.147259
54,25,16527.10014
55,25,Inf
56,25,12440.91211
57,25,11117.32202
58,25,8707.50725
59,25,9182.215652
60,25,13315.45549
61,25,12216.56666
62,25,10370.31083
63,25,10466.03722
64,25,20226.04334
65,25,17069.04554
66,25,16528.15567
67,25,15838.67721
68,25,16138.77379
69,25,12376.02027
70,25,12355.40639
71,25,12384.88103
72,25,22135.67145
73,25,18272.22121
74,25,17174.13914
75,25,16385.50772
76,25,15346.94126
77,25,14612.7341
78,25,17836.0876
79,25,16831.62709
80,25,19822.98854
81,25,18747.50888
82,25,19136.48233
83,25,18690.11364
84,25,17470.57414
85,25,23238.26319
86,25,20737.57503
87,25,19097.28697
88,25,24627.90352
1,26,13247.12769
2,26,13043.37073
3,26,12539.66425
4,26,11014.56461
5,26,10506.21607
6,26,10865.88319
7,26,9368.011227
8,26,10262.29684
9,26,8066.549529
10,26,7644.212605
11,26,7766.520585
12,26,6472.421425
13,26,5362.774331
14,26,8928.962598
15,26,10194.88619
16,26,6414.447485
17,26,4649.068991
18,26,3930.233059
19,26,5915.539193
20,26,8222.498734
21,26,8338.559206
22,26,5616.4857
23,26,3427.370683
24,26,6424.178277
25,26,11227.63892
27,26,2113.025818
28,26,6000.122641
29,26,7117.190455
30,26,4519.511294
31,26,3173.690274
32,26,2630.323895
33,26,5022.21026
34,26,5670.164015
35,26,7571.975273
36,26,6650.816647
37,26,4965.442569
38,26,3708.479687
39,26,3638.805076
40,26,4876.329232
41,26,5677.481631
42,26,6055.798732
43,26,7691.810954
44,26,8825.55919
45,26,9804.439976
46,26,8436.391056
47,26,6744.18113
48,26,6418.495839
49,26,5325.430729
50,26,5812.820466
51,26,6614.296441
52,26,8985.910894
53,26,10710.89001
54,26,8618.898882
55,26,Inf
56,26,7104.958682
57,26,7426.814147
58,26,8382.415145
59,26,10220.70597
60,26,9624.947616
61,26,9458.76928
62,26,9209.211776
63,26,9755.021799
64,26,12336.28203
65,26,10770.1985
66,26,10491.66731
67,26,10569.3533
68,26,14457.56634
69,26,10699.38847
70,26,11099.15604
71,26,11857.85053
72,26,14245.91014
73,26,12554.28072
74,26,12595.89582
75,26,14704.30026
76,26,13665.73381
77,26,12931.52665
78,26,14405.63827
79,26,15150.41963
80,26,16392.5392
81,26,15646.19981
82,26,17060.00586
83,26,17008.90619
84,26,15996.28117
85,26,17520.3227
86,26,17640.96851
87,26,17622.994
88,26,18909.96303
1,27,13232.41761
2,27,12772.22906
3,27,13171.35347
4,27,11545.44551
5,27,10235.0744
6,27,12901.31407
7,27,9898.892128
8,27,9991.155178
9,27,9275.578405
10,27,8175.093506
11,27,9849.631855
12,27,7681.450301
13,27,5893.655232
14,27,6894.221146
15,27,8160.144741
16,27,8392.221207
17,27,6560.437724
18,27,4461.11396
19,27,3802.513375
20,27,6187.757282
21,27,6303.817754
22,27,7594.259422
23,27,1938.125652
24,27,4389.436824
25,27,9192.897467
26,27,2113.025818
28,27,3965.381189
29,27,8601.837793
30,27,5979.021593
31,27,4929.269208
32,27,2062.586961
33,27,2987.468808
34,27,3635.422562
35,27,5537.233821
36,27,7978.935922
37,27,6293.561845
38,27,4143.606493
39,27,3766.442278
40,27,3417.093456
41,27,3642.740179
