2,1,1464.237432
3,1,315.582444
4,1,961.491887
5,1,682.8747244
6,1,105.412338
7,1,557.090184
8,1,366.8579103
9,1,359.768599
10,1,345.5548278
11,1,137.5086032
12,1,263.5366955
13,1,219.8736096
14,1,127.37534
15,1,104.7592601
16,1,166.9739178
17,1,233.3974838
18,1,213.740213
19,1,169.3834491
20,1,81.18990967
21,1,100.6814013
22,1,167.9897046
23,1,176.6729948
24,1,78.50973271
25,1,82.17613322
26,1,167.3648308
27,1,141.925363
28,1,73.71939406
29,1,96.12982918
30,1,134.4978114
31,1,147.0104929
32,1,140.3624807
33,1,93.59024757
34,1,70.59464703
35,1,78.21390145
36,1,102.5218868
37,1,124.2035495
38,1,134.9224053
39,1,131.6585728
40,1,121.9818752
41,1,96.09516263
42,1,73.90033507
43,1,82.20660645
44,1,85.3658676
45,1,68.97392899
46,1,92.11496268
47,1,112.3000977
48,1,119.4037418
49,1,121.0071157
50,1,113.0251834
51,1,89.3139301
52,1,89.12482589
53,1,69.02919781
54,1,89.44874858
56,1,112.2724182
57,1,108.9445477
58,1,65.26058509
59,1,86.82355912
60,1,99.2488386
61,1,94.17683779
62,1,77.44979506
63,1,60.68916838
64,1,68.49100783
65,1,77.74920005
66,1,88.19187262
67,1,94.15374044
68,1,81.42198224
69,1,89.40001233
70,1,71.20260118
71,1,69.45713284
72,1,61.92810566
73,1,72.67390486
74,1,80.74827424
75,1,78.91455861
76,1,83.30978333
77,1,85.57310709
78,1,73.86395255
79,1,77.08245956
80,1,58.05858167
81,1,68.35007979
82,1,70.86739681
83,1,71.52173485
84,1,74.55851492
85,1,51.22688585
86,1,53.5104643
87,1,65.96509548
88,1,48.24067155
1,2,1464.237432
3,2,265.6759768
4,2,574.3552655
5,2,792.180995
6,2,106.4082775
7,2,428.2441134
8,2,396.0615247
9,2,295.5987097
10,2,321.1067431
11,2,132.0186997
12,2,247.7155869
13,2,214.1498965
14,2,130.6133975
15,2,106.8045794
16,2,159.3315096
17,2,220.6510875
18,2,208.2240044
19,2,173.6045575
20,2,82.52233374
21,2,102.4017345
22,2,159.988395
23,2,180.4244109
24,2,79.69546012
25,2,83.02523568
26,2,166.9129127
27,2,144.3864246
28,2,74.65265272
29,2,92.54294031
30,2,129.07148
31,2,140.9922483
32,2,142.1059722
33,2,94.62068208
34,2,71.29692201
35,2,78.78927471
36,2,98.71975968
37,2,119.4027218
38,2,131.7506929
39,2,130.0561246
40,2,123.186173
41,2,97.04033616
42,2,74.5802254
43,2,82.76189964
44,2,85.81854143
45,2,69.29958635
46,2,88.87513907
47,2,108.1777032
48,2,115.0209008
49,2,120.2085048
50,2,113.8194044
51,2,89.92178906
52,2,89.58034184
53,2,69.25224435
54,2,86.33877084
56,2,109.7372827
57,2,108.5298873
58,2,65.56268323
59,2,87.12274645
60,2,98.00768995
61,2,93.69550132
62,2,77.68800385
63,2,60.86278885
64,2,66.28168427
65,2,75.2440303
66,2,86.25840845
67,2,92.09078132
68,2,80.91504447
69,2,89.03066344
70,2,71.29397313
71,2,69.52889349
72,2,59.99351567
73,2,70.33335269
74,2,78.23500946
75,2,78.41482992
76,2,82.82068142
77,2,85.10057857
78,2,71.62333502
79,2,76.087531
80,2,56.34579614
81,2,66.89951284
82,2,69.00321023
83,2,71.00380669
84,2,74.39725539
85,2,49.69747945
86,2,52.3859495
87,2,65.765799
88,2,46.82895423
1,3,315.582444
2,3,265.6759768
4,3,462.4128439
5,3,325.629113
6,3,104.4757618
7,3,685.836785
8,3,227.9241016
9,3,502.5196448
10,3,396.9848033
11,3,154.0358151
12,3,338.0379858
13,3,242.9303942
14,3,123.1130799
15,3,102.1800311
16,3,191.1724894
17,3,276.6037166
18,3,246.4931549
19,3,163.8410007
20,3,79.57861669
21,3,98.57828208
22,3,193.7070888
23,3,183.6086252
24,3,81.34960362
25,3,81.32975812
26,3,183.6271915
27,3,148.0831972
28,3,76.39861194
29,3,106.6635565
30,3,150.8966152
31,3,165.2956602
32,3,151.5803577
33,3,97.00250799
34,3,73.17379045
35,3,81.08577529
36,3,113.6627238
37,3,138.48591
38,3,150.5626889
39,3,146.852918
40,3,127.1534174
41,3,99.60671779
42,3,76.6041594
43,3,85.22860159
44,3,88.51283385
45,3,71.5194787
46,3,101.4246051
47,3,124.3340695
48,3,132.197659
49,3,134.0593332
50,3,122.8470728
51,3,93.66787457
52,3,92.41158413
53,3,71.58415017
54,3,98.34721846
56,3,123.716971
57,3,119.8728681
58,3,68.31135866
59,3,90.03579142
60,3,108.6202973
61,3,103.0694283
62,3,83.48876077
63,3,64.4104051
64,3,74.63784895
65,3,84.91665644
66,3,96.32819178
67,3,102.8224353
68,3,88.24619508
69,3,97.56687505
70,3,76.83002222
71,3,73.48140117
72,3,67.24550228
73,3,79.18197233
74,3,87.86288742
75,3,85.49544811
76,3,90.40916799
77,3,92.9836078
78,3,80.11600526
79,3,83.47641314
80,3,62.7818143
81,3,73.96371608
82,3,76.55233806
83,3,77.23015048
84,3,80.4177967
85,3,55.35795774
86,3,57.74674501
87,3,71.0033824
88,3,52.02421268
1,4,961.491887
2,4,574.3552655
3,4,462.4128439
5,4,418.1508599
6,4,110.9315641
7,4,1314.420292
8,4,271.7332942
9,4,572.9269703
10,4,535.057288
11,4,160.4946983
12,4,364.250101
13,4,282.6039543
14,4,137.9424929
15,4,112.2568553
16,4,204.1692188
17,4,307.9206797
18,4,272.5404598
19,4,183.2710069
20,4,86.51606881
21,4,107.416411
22,4,208.5979435
23,4,204.9158608
24,4,88.64835951
25,4,86.61633185
26,4,201.5906268
27,4,162.9071931
28,4,82.48789114
29,4,109.9848851
30,4,157.4934966
31,4,172.9413076
32,4,163.7057411
33,4,104.0852761
34,4,78.20389555
35,4,85.82230125
36,4,117.0979573
37,4,143.5566754
38,4,156.2180641
39,4,152.2921573
40,4,135.9387398
41,4,106.4090423
42,4,81.64061939
43,4,90.00454637
44,4,92.96774517
45,4,74.95661689
46,4,103.7209848
47,4,127.9036224
48,4,135.9915572
49,4,138.0027214
50,4,126.2255089
51,4,97.8043525
52,4,96.99339027
53,4,74.60974173
54,4,100.4199167
56,4,126.624731
57,4,122.4974554
58,4,70.89725408
59,4,93.91615829
60,4,110.3699961
61,4,104.7297647
62,4,84.887707
63,4,65.50699771
64,4,75.50048889
65,4,86.09927357
66,4,97.67631007
67,4,104.2426859
68,4,88.76178632
69,4,98.84645534
70,4,77.76907856
71,4,74.47421477
72,4,67.77074582
73,4,80.08217524
74,4,88.73918319
75,4,85.96056687
76,4,91.0591057
77,4,93.77559208
78,4,80.64782099
79,4,83.89517046
80,4,63.00106097
81,4,74.27688855
82,4,76.73705302
83,4,77.38671015
84,4,80.69559751
85,4,55.51382662
86,4,57.82835316
87,4,71.08938372
88,4,52.06137154
1,5,682.8747244
2,5,792.180995
3,5,325.629113
4,5,418.1508599
6,5,122.3663875
7,5,633.8596024
8,5,852.5788062
9,5,376.4508603
10,5,418.8417784
11,5,143.5513021
12,5,301.3841109
13,5,249.9251737
14,5,168.0202436
15,5,131.627566
16,5,178.8945052
17,5,260.5841862
18,5,241.7575073
19,5,222.4959981
20,5,99.49805975
21,5,124.0503451
22,5,181.5132632
23,5,225.0959789
24,5,95.22248561
25,5,96.0406804
26,5,201.5206196
27,5,175.2217852
28,5,87.7187256
29,5,99.22871276
30,5,140.6662907
31,5,155.5313752
32,5,166.7086017
33,5,109.951267
34,5,82.26241766
35,5,89.36436057
36,5,105.7240709
37,5,129.2320598
38,5,151.1977518
39,5,149.3971756
40,5,142.0610639
41,5,111.8815704
42,5,85.62411683
43,5,93.50186999
44,5,96.04547891
45,5,77.26775532
46,5,94.39101184
47,5,115.8489881
48,5,125.5833489
49,5,135.9438449
50,5,128.8183099
51,5,101.6247142
52,5,100.1315028
53,5,76.48127178
54,5,93.00568828
56,5,122.2025844
57,5,120.7623721
58,5,73.05774618
59,5,96.34913623
60,5,107.5281479
61,5,102.8959498
62,5,85.71261174
63,5,67.0577073
64,5,70.26399108
65,5,81.95143729
66,5,94.08192654
67,5,100.4029234
68,5,86.80735734
69,5,97.12751595
70,5,77.7702176
71,5,75.72552493
72,5,63.19056029
73,5,74.11581643
74,5,84.48391603
75,5,84.0469279
76,5,89.12820741
77,5,91.86254441
78,5,76.78261502
79,5,81.41912536
80,5,59.98835878
81,5,71.40111908
82,5,73.30936151
83,5,75.50479517
84,5,79.43148399
85,5,51.61372254
86,5,55.55744806
87,5,69.84639801
88,5,48.7686552
1,6,105.412338
2,6,106.4082775
3,6,104.4757618
4,6,110.9315641
5,6,122.3663875
7,6,124.4144936
8,6,122.8019446
9,6,133.0307574
10,6,130.2336285
11,6,526.9263654
12,6,148.8574495
13,6,160.0537993
14,6,173.0937125
15,6,135.8210523
16,6,133.6855005
17,6,173.2356786
18,6,169.2072709
19,6,164.4037385
20,6,97.68396228
21,6,128.1809676
22,6,134.158371
23,6,147.0484835
24,6,87.45771516
25,6,107.3285643
26,6,169.5870254
27,6,120.9865224
28,6,80.17108852
29,6,93.317948
30,6,134.1924504
31,6,148.33938
32,6,136.8803217
33,6,95.83892597
34,6,73.856048
35,6,82.65256708
36,6,99.32267349
37,6,122.0261377
38,6,133.5197302
39,6,130.1364805
40,6,115.3843031
41,6,92.74545847
42,6,72.85352503
43,6,81.69233727
44,6,86.27563381
45,6,71.21287456
46,6,87.75357932
47,6,108.4331111
48,6,115.8131918
49,6,117.5601973
50,6,107.4439015
51,6,84.7519686
52,6,86.58296777
53,6,68.63001866
54,6,85.25535324
56,6,107.6088609
57,6,104.03349
58,6,61.38803644
59,6,81.97707032
60,6,93.51455474
61,6,88.73570447
62,6,72.2155346
63,6,56.51901982
64,6,63.85267146
65,6,72.88606593
66,6,82.68871636
67,6,88.24103166
68,6,74.89522861
69,6,83.64955081
70,6,65.78893901
71,6,64.02275358
72,6,57.22883698
73,6,67.19537368
74,6,75.00098544
75,6,72.5198647
76,6,76.87535341
77,6,79.21113458
78,6,68.07066035
79,6,70.76532983
80,6,53.10860388
81,6,62.63260107
82,6,64.6596727
83,6,65.19696355
84,6,68.02370258
85,6,46.44975263
86,6,48.70735565
87,6,59.87192174
88,6,43.86996707
1,7,557.090184
2,7,428.2441134
3,7,685.836785
4,7,1314.420292
5,7,633.8596024
6,7,124.4144936
8,7,359.6347573
9,7,976.5267156
10,7,901.8773691
11,7,184.0228925
12,7,509.0950828
13,7,359.672417
14,7,166.1086884
15,7,131.5695416
16,7,245.5508879
17,7,404.7016806
18,7,343.6015676
19,7,220.177475
20,7,100.0014644
21,7,124.5317556
22,7,255.1350461
23,7,245.3988258
24,7,102.7813388
25,7,97.51005568
26,7,238.6158173
27,7,191.2816575
28,7,94.49391534
29,7,123.7184371
30,7,181.1611308
31,7,199.8406032
32,7,188.4289378
33,7,118.2894247
34,7,88.42799648
35,7,95.87440873
36,7,131.5083278
37,7,163.0505282
38,7,177.7292923
39,7,173.1020267
40,7,153.7744488
41,7,120.2567421
42,7,91.98901374
43,7,100.2687704
44,7,102.8876088
45,7,82.7376425
46,7,114.9571068
47,7,143.2635792
48,7,152.3199473
49,7,154.7665012
50,7,141.0858794
51,7,108.9835708
52,7,107.2499045
53,7,81.80910116
54,7,110.9976998
56,7,140.551662
57,7,135.5925101
58,7,78.22443675
59,7,103.0765367
60,7,120.9591978
61,7,114.7779284
62,7,93.13527352
63,7,71.71049738
64,7,82.10497717
65,7,94.00899726
66,7,106.6619963
67,7,113.7970591
68,7,95.59881934
69,7,107.7780805
70,7,84.66757522
71,7,80.87780256
72,7,73.23324736
73,7,87.05953482
74,7,96.24290148
75,7,92.51924048
76,7,98.29557574
77,7,101.4550885
78,7,86.97618047
79,7,90.23200628
80,7,67.58673589
81,7,79.78243159
82,7,82.17400641
83,7,82.81629001
84,7,86.56373954
85,7,59.48712654
86,7,61.82227455
87,7,75.97357031
88,7,55.59214934
1,8,366.8579103
2,8,396.0615247
3,8,227.9241016
4,8,271.7332942
5,8,852.5788062
6,8,122.8019446
7,8,359.6347573
9,8,252.4049373
10,8,273.4085742
11,8,127.5305921
12,8,212.713436
13,8,224.1180238
14,8,182.7272735
15,8,138.5616846
16,8,139.6627439
17,8,190.1999741
18,8,226.768296
19,8,241.2657546
20,8,103.1049753
21,8,128.9768012
22,8,140.1292568
23,8,211.0158684
24,8,96.53474568
25,8,96.75460186
26,8,188.1455839
27,8,163.6952903
28,8,88.0518208
29,8,91.68383596
30,8,130.2732089
31,8,144.4364499
32,8,155.10701
33,8,105.4147215
34,8,80.82043513
35,8,87.07077483
36,8,97.66863625
37,8,119.7570145
38,8,140.3143811
39,8,138.6588696
40,8,131.9099062
41,8,103.8839615
42,8,79.46460711
43,8,88.78177844
44,8,90.94449854
45,8,74.67699262
46,8,87.21065545
47,8,107.1753869
48,8,116.2134883
49,8,125.9468152
50,8,119.3557986
51,8,94.14430601
52,8,93.79772822
53,8,72.1408205
54,8,85.91987596
56,8,113.0195992
57,8,111.6777432
58,8,67.57270275
59,8,89.04026539
60,8,99.28411719
61,8,95.01709941
62,8,79.18991627
63,8,61.94528839
64,8,64.77296427
65,8,75.60781125
66,8,86.81282863
67,8,92.64138155
68,8,79.9573344
69,8,89.62530987
70,8,71.76242405
71,8,69.86369663
72,8,58.2033291
73,8,68.31672774
74,8,77.87207384
75,8,77.40702961
76,8,82.12241445
77,8,84.66972826
78,8,70.71809034
79,8,74.97371116
80,8,55.20957758
81,8,65.7305056
82,8,67.45432053
83,8,69.48124165
84,8,73.12586293
85,8,47.48443399
86,8,51.11070627
87,8,64.26564292
88,8,44.84821839
1,9,359.768599
2,9,295.5987097
3,9,502.5196448
4,9,572.9269703
5,9,376.4508603
6,9,133.0307574
7,9,976.5267156
8,9,252.4049373
10,9,664.5868177
11,9,216.026173
12,9,1031.951188
13,9,431.6073778
14,9,131.3883144
15,9,107.7567757
16,9,309.6205937
17,9,598.60322
18,9,458.5696805
19,9,191.547135
20,9,88.74400721
21,9,103.4414155
22,9,330.6243891
23,9,264.7770741
24,9,104.3349553
25,9,84.15428923
26,9,277.5406539
27,9,204.4498037
28,9,95.80422849
29,9,141.4521988
30,9,213.6337564
31,9,237.2045397
32,9,211.7810669
33,9,123.4259932
34,9,91.68646444
35,9,97.32481737
36,9,150.0341405
37,9,188.8950397
38,9,206.3786105
39,9,200.7475335
40,9,162.4234145
41,9,125.2232439
42,9,95.68401823
43,9,103.8719998
44,9,106.3352123
45,9,83.57562661
46,9,128.8808911
47,9,162.8664865
48,9,173.1577267
49,9,176.2340308
50,9,159.9407947
51,9,120.1823479
52,9,110.8097991
53,9,84.27572072
54,9,124.0055307
56,9,157.8826527
57,9,151.7607384
58,9,85.26663746
59,9,107.0596383
60,9,133.6643121
61,9,126.8339267
62,9,103.0629922
63,9,78.97373521
64,9,89.84791688
65,9,103.3953296
66,9,117.3288512
67,9,125.128495
68,9,103.3753406
69,9,118.3333551
70,9,92.78294728
71,9,88.05695107
72,9,79.51268633
73,9,95.23163896
74,9,104.9679486
75,9,99.96275772
76,9,106.5866217
77,9,110.3163294
78,9,94.2052864
79,9,97.40702748
80,9,72.73511287
81,9,85.98925674
82,9,88.24091107
83,9,88.86159669
84,9,93.15055578
85,9,63.93096934
86,9,66.25338479
87,9,81.38604231
88,9,59.49347859
1,10,345.5548278
2,10,321.1067431
3,10,396.9848033
4,10,535.057288
5,10,418.8417784
6,10,130.2336285
7,10,901.8773691
8,10,273.4085742
9,10,664.5868177
11,10,209.3689411
12,10,748.6132228
13,10,502.5412308
14,10,174.6569979
15,10,137.438875
16,10,294.1924488
17,10,542.1075374
18,10,471.9637319
19,10,231.375551
20,10,104.121282
21,10,129.7529966
22,10,311.6931463
23,10,309.4458613
24,10,123.4967728
25,10,100.913481
26,10,295.5647616
27,10,234.102456
28,10,111.6238769
29,10,138.0636502
30,10,206.7964054
31,10,229.2063191
32,10,224.0781423
33,10,138.2074236
34,10,102.6110212
35,10,109.4730148
36,10,146.5237512
37,10,183.72467
38,10,202.4756085
39,10,200.0476849
40,10,178.5380961
41,10,139.4449155
42,10,106.2382512
43,10,114.0771056
44,10,116.0595552
45,10,93.01738848
46,10,126.4441036
47,10,159.2049213
48,10,169.2659073
49,10,175.9128707
50,10,159.7136883
51,10,124.0298954
52,10,120.845997
53,10,91.20194983
54,10,121.7723674
56,10,155.9270543
57,10,151.7190479
58,10,87.89690023
59,10,115.0489939
60,10,132.4838238
61,10,126.9426836
62,10,103.138562
63,10,79.77973996
64,10,88.70285651
65,10,101.9453254
66,10,116.3514798
67,10,124.0955637
68,10,103.6598
69,10,118.5019291
70,10,92.93058398
71,10,89.08978606
72,10,78.6570554
73,10,94.02759944
74,10,103.7188437
75,10,100.2449669
76,10,106.8542865
77,10,110.5669277
78,10,93.24910868
79,10,96.90949314
80,10,72.11442527
81,10,85.6080795
82,10,87.53618138
83,10,89.16558554
84,10,93.4460941
85,10,63.4073657
86,10,66.03122622
87,10,81.67591659
88,10,59.06911745
1,11,137.5086032
2,11,132.0186997
3,11,154.0358151
4,11,160.4946983
5,11,143.5513021
6,11,526.9263654
7,11,184.0228925
8,11,127.5305921
9,11,216.026173
10,11,209.3689411
12,11,253.1430132
13,11,265.6522777
14,11,157.732393
15,11,129.2702612
16,11,221.2525692
17,11,313.3431457
18,11,286.8267039
19,11,168.5523727
20,11,96.00803789
21,11,124.1323572
22,11,227.5240371
23,11,234.9370152
24,11,92.74750043
25,11,105.891811
26,11,288.0781832
27,11,192.4111146
28,11,86.03882192
29,11,142.0077633
30,11,214.7212686
31,11,240.3243936
32,11,218.0364953
33,11,118.5542429
34,11,88.23958041
35,11,94.11278491
36,11,150.6114339
37,11,189.7296646
38,11,208.6927392
39,11,202.9760565
40,11,163.9811703
41,11,120.5180942
42,11,92.18571659
43,11,100.4700006
44,11,103.0862914
45,11,80.60539057
46,11,129.2945121
47,11,163.4718719
48,11,174.7826463
49,11,177.9129678
50,11,161.4038533
51,11,121.2137323
52,11,107.4559495
53,11,81.95845043
54,11,124.987447
56,11,159.2049199
57,11,152.9856632
58,11,85.90946439
59,11,107.774648
60,11,134.6015891
61,11,127.7233196
62,11,103.797652
63,11,79.5169941
64,11,90.40618193
65,11,104.0803872
66,11,118.1076339
67,11,125.9550407
68,11,103.9181126
69,11,119.1005673
70,11,93.37010777
71,11,88.589846
72,11,79.95614807
73,11,96.11061734
74,11,105.5916833
75,11,100.4809961
76,11,107.1700173
77,11,110.9446682
78,11,94.712294
79,11,97.90524794
80,11,73.08910005
81,11,86.41809909
82,11,88.65502007
83,11,89.27312778
84,11,93.60333237
85,11,64.38905867
86,11,66.55372287
87,11,81.75236447
88,11,59.66269095
1,12,263.5366955
2,12,247.7155869
3,12,338.0379858
4,12,364.250101
5,12,301.3841109
6,12,148.8574495
7,12,509.0950828
8,12,212.713436
9,12,1031.951188
10,12,748.6132228
11,12,253.1430132
13,12,614.2940595
14,12,125.5718355
15,12,103.423401
16,12,400.6792719
17,12,1049.207242
18,12,671.0872627
19,12,225.7812378
20,12,100.3490762
21,12,114.0352175
22,12,446.5825395
23,12,325.7572044
24,12,120.9940975
25,12,81.31185031
26,12,341.4198887
27,12,243.6832426
28,12,109.3420442
29,12,160.4302245
30,12,251.7991549
31,12,281.9588732
32,12,247.5988446
33,12,140.031519
34,12,103.2475831
35,12,107.6500118
36,12,169.7233233
37,12,217.7087108
38,12,238.5446198
39,12,231.6661554
40,12,183.4868029
41,12,141.0019004
42,12,107.3108006
43,12,114.7807006
44,12,116.5199172
45,12,91.06959869
46,12,142.8366928
47,12,183.4625222
48,12,195.0494137
49,12,198.9104975
50,12,179.5689343
51,12,133.8773947
52,12,121.2910511
53,12,91.29150087
54,12,136.8806971
56,12,175.3725191
57,12,167.8698904
58,12,93.63262739
59,12,116.1982861
60,12,145.7305258
61,12,138.2837174
62,12,112.5439396
63,12,85.9476037
64,12,96.90800288
65,12,112.1408856
66,12,127.2735641
67,12,135.6756088
68,12,110.0725041
69,12,128.0965387
70,12,100.2283901
71,12,94.77027269
72,12,85.03313185
73,12,102.6698843
74,12,112.8047225
75,12,106.3452705
76,12,113.8291006
77,12,118.1622999
78,12,100.4839253
79,12,103.5307968
80,12,77.05408128
81,12,91.2405863
82,12,93.26594315
83,12,93.84536935
84,12,98.67381104
85,12,67.62943438
86,12,69.87879858
87,12,85.80316821
88,12,62.6572894
1,13,219.8736096
2,13,214.1498965
3,13,242.9303942
4,13,282.6039543
5,13,249.9251737
6,13,160.0537993
7,13,359.672417
8,13,224.1180238
9,13,431.6073778
10,13,502.5412308
11,13,265.6522777
12,13,614.2940595
14,13,163.7099449
15,13,130.5620258
16,13,426.6180126
17,13,810.0086898
18,13,1393.846644
19,13,300.3709844
20,13,124.8073581
21,13,140.0186258
22,13,477.5318882
23,13,468.4761447
24,13,156.6310167
25,13,97.73148556
26,13,428.8133992
27,13,330.511389
28,13,137.9662767
29,13,178.0735896
30,13,285.2370583
31,13,324.1608012
32,13,297.6169686
33,13,175.0574317
34,13,127.6020714
35,13,129.5461656
36,13,188.1386867
37,13,243.6788069
38,13,269.6504252
39,13,261.6288197
40,13,226.2476771
41,13,174.2409169
42,13,131.8088304
43,13,137.9334316
44,13,138.345999
45,13,107.2783937
46,13,156.708425
47,13,202.9306675
48,13,217.2169268
49,13,221.7675686
50,13,199.6048214
51,13,150.0447218
52,13,143.7887578
53,13,106.6592348
54,13,150.7227357
56,13,193.7773501
57,13,185.0594817
58,13,104.1110742
59,13,134.8060005
60,13,159.3921907
61,13,151.2473751
62,13,123.1992054
63,13,93.91356072
64,13,105.3834905
65,13,122.3096697
66,13,138.8265802
67,13,147.9570888
68,13,118.8932762
69,13,139.5691888
70,13,109.0836904
71,13,102.9404079
72,13,92.05604645
73,13,109.8245511
74,13,122.4346498
75,13,114.8148887
76,13,123.1411491
77,13,128.0274876
78,13,108.6351456
79,13,111.7227749
80,13,83.00981964
81,13,98.3738042
82,13,100.3558676
83,13,100.9370202
84,13,106.2961737
85,13,71.89590347
86,13,75.10954331
87,13,92.20591446
88,13,66.87330985
1,14,127.37534
2,14,130.6133975
3,14,123.1130799
4,14,137.9424929
5,14,168.0202436
6,14,173.0937125
7,14,166.1086884
8,14,182.7272735
9,14,131.3883144
10,14,174.6569979
11,14,157.732393
12,14,125.5718355
13,14,163.7099449
15,14,293.4336837
16,14,106.3411113
17,14,131.9025236
18,14,175.0227877
19,14,357.1912726
20,14,179.4236106
21,14,233.2068764
22,14,106.8921507
23,14,229.56592
24,14,154.0052877
25,14,128.2654051
26,14,160.2169438
27,14,175.7670742
28,14,126.2031271
29,14,75.32557071
30,14,104.6288682
31,14,121.2861183
32,14,156.0211258
33,14,136.612434
34,14,103.4407655
35,14,102.8112433
36,14,84.89658032
37,14,107.7328872
38,14,141.8232841
39,14,157.1208076
40,14,151.9864412
41,14,123.8062167
42,14,95.71075168
43,14,101.6754983
44,14,100.3213247
45,14,82.03716386
46,14,75.43536905
47,14,94.28693982
48,14,111.0753033
49,14,135.3578836
50,14,128.8961677
51,14,104.0726682
52,14,102.4642354
53,14,75.72047413
54,14,74.19798542
56,14,108.1794518
57,14,114.5144734
58,14,71.13536857
59,14,92.34071094
60,14,97.59301862
61,14,93.66098623
62,14,80.69049805
63,14,62.84374447
64,14,54.44529441
65,14,68.15133317
66,14,78.48078794
67,14,83.68082311
68,14,74.71023268
69,14,87.94073514
70,14,70.57095882
71,14,68.37560773
72,14,48.41327469
73,14,60.54834131
74,14,69.59507202
75,14,72.13833614
76,14,77.41265385
77,14,80.51913884
78,14,61.76256224
79,14,69.55119936
80,14,47.58101633
81,14,57.52477052
82,14,60.94054581
83,14,63.35272986
84,14,67.41421889
85,14,40.65278818
86,14,44.15560219
87,14,58.39635076
88,14,38.11233457
1,15,104.7592601
2,15,106.8045794
3,15,102.1800311
4,15,112.2568553
5,15,131.627566
6,15,135.8210523
7,15,131.5695416
8,15,138.5616846
9,15,107.7567757
10,15,137.438875
11,15,129.2702612
12,15,103.423401
13,15,130.5620258
14,15,293.4336837
16,15,89.2721915
17,15,108.5142705
18,15,138.7286857
19,15,227.4257439
20,15,276.7383699
21,15,378.8378393
22,15,89.0505655
23,15,171.4032513
24,15,157.7423492
25,15,184.7999321
26,15,132.7581451
27,15,140.4943898
28,15,123.6371109
29,15,67.78144801
30,15,90.86505921
31,15,103.6655806
32,15,129.190294
33,15,124.9349935
34,15,95.19657199
35,15,105.9047038
36,15,76.22955612
37,15,96.07160738
38,15,124.8545449
39,15,137.0994066
40,15,132.1744856
41,15,107.9069035
42,15,88.41794124
43,15,94.21371799
44,15,101.9933922
45,15,82.45793457
46,15,68.1236003
47,15,84.68958396
48,15,99.22766699
49,15,119.4928093
50,15,113.7085435
51,15,92.74489727
52,15,95.20074284
53,15,75.71229726
54,15,67.04072666
56,15,96.84817217
57,15,102.16557
58,15,65.8159963
59,15,86.01102936
60,15,87.81555086
61,15,84.23046089
62,15,74.83543931
63,15,58.30206092
64,15,49.61216728
65,15,61.75405622
66,15,71.06444866
67,15,75.78795935
68,15,69.69973199
69,15,81.76762132
70,15,65.61563877
71,15,63.5956784
72,15,44.2590091
73,15,55.08356627
74,15,63.29791158
75,15,67.31213534
76,15,72.17797928
77,15,75.02949564
78,15,57.18147053
79,15,64.91797354
80,15,44.13416356
81,15,53.54154115
82,15,56.95999673
83,15,59.20003819
84,15,62.94952978
85,15,37.28084341
86,15,41.16196927
87,15,54.5808259
88,15,35.01007004
1,16,166.9739178
2,16,159.3315096
3,16,191.1724894
4,16,204.1692188
5,16,178.8945052
6,16,133.6855005
7,16,245.5508879
8,16,139.6627439
9,16,309.6205937
10,16,294.1924488
11,16,221.2525692
12,16,400.6792719
13,16,426.6180126
14,16,106.3411113
15,16,89.2721915
17,16,677.31909
18,16,487.1382578
19,16,192.3924588
20,16,88.07336975
21,16,100.6848172
22,16,687.8037201
23,16,280.7606142
24,16,104.3079609
25,16,73.61716014
26,16,332.2167188
27,16,215.0884562
28,16,95.33807729
29,16,158.2455158
30,16,250.0996713
31,16,280.3229364
32,16,240.3792264
33,16,126.6393762
34,16,93.70696214
35,16,98.53664019
36,16,167.3357325
37,16,215.3590764
38,16,235.7198473
39,16,228.4375809
40,16,180.3372408
41,16,127.9774468
42,16,97.58390519
43,16,105.1116343
44,16,107.1270152
45,16,83.34134543
46,16,140.3269837
47,16,180.7476392
48,16,192.0808805
49,16,195.4696359
50,16,176.3214852
51,16,131.3014871
52,16,112.4360269
53,16,84.38557611
54,16,134.3354896
56,16,172.1596595
57,16,164.4676101
58,16,91.63621175
59,16,113.5267151
60,16,142.6353713
61,16,135.1932189
62,16,110.0540029
63,16,84.00463984
64,16,94.74328688
65,16,109.7354579
66,16,124.4709138
67,16,132.6789235
68,16,107.2466269
69,16,125.1036431
70,16,97.8570478
71,16,92.47853102
72,16,83.01892155
73,16,100.6948688
74,16,110.2196452
75,16,103.6021472
76,16,110.9536117
77,16,115.2261403
78,16,98.06259907
79,16,100.9784815
80,16,75.11499706
81,16,88.92619692
82,16,90.88557907
83,16,91.33010091
84,16,96.07020585
85,16,66.07795001
86,16,68.04389044
87,16,83.48330686
88,16,61.16658655
1,17,233.3974838
2,17,220.6510875
3,17,276.6037166
4,17,307.9206797
5,17,260.5841862
6,17,173.2356786
7,17,404.7016806
8,17,190.1999741
9,17,598.60322
10,17,542.1075374
11,17,313.3431457
12,17,1049.207242
13,17,810.0086898
14,17,131.9025236
15,17,108.5142705
16,17,677.31909
18,17,910.2258003
19,17,254.5816733
20,17,110.0236798
21,17,124.3471324
22,17,861.2461073
23,17,394.705855
24,17,134.9050686
25,17,86.2906752
26,17,481.3014222
27,17,288.9106861
28,17,120.6158133
29,17,199.91332
30,17,337.2907484
31,17,383.8720553
32,17,317.7533757
33,17,158.4958749
34,17,116.0787361
35,17,119.1374497
36,17,210.525062
37,17,279.3341438
38,17,307.1152505
39,17,296.6979967
40,17,226.2611042
41,17,158.5136936
42,17,120.2099315
43,17,126.9230522
44,17,127.9237404
45,17,98.69997381
46,17,171.0495744
47,17,225.8851204
48,17,240.0181339
49,17,244.9028145
50,17,219.1009545
51,17,161.2143112
52,17,133.54995
53,17,99.26250525
54,17,162.7574931
56,17,210.5216073
57,17,199.8223935
58,17,110.1504399
59,17,134.2030754
60,17,169.7203193
61,17,160.8409664
62,17,131.2271564
63,17,99.68509451
64,17,111.0436021
65,17,129.6180185
66,17,147.0456856
67,17,156.6469637
68,17,123.4938533
69,17,147.343366
70,17,114.9180113
71,17,108.0451572
72,17,96.17101006
73,17,117.9918001
74,17,128.5345399
75,17,119.1571876
76,17,128.2724446
77,17,133.7477498
78,17,113.1988578
79,17,116.0110956
80,17,85.92113435
81,17,101.9301698
82,17,103.6456936
83,17,104.0305826
84,17,109.8670915
85,17,75.45656679
86,17,77.38009389
87,17,94.87967399
88,17,69.4421156
1,18,213.740213
2,18,208.2240044
3,18,246.4931549
4,18,272.5404598
5,18,241.7575073
6,18,169.2072709
7,18,343.6015676
8,18,226.768296
9,18,458.5696805
10,18,471.9637319
11,18,286.8267039
12,18,671.0872627
13,18,1393.846644
14,18,175.0227877
15,18,138.7286857
16,18,487.1382578
17,18,910.2258003
19,18,386.7516568
20,18,147.9929615
21,18,163.6583105
22,18,560.2957233
23,18,675.318527
24,18,194.7592121
25,18,103.9670264
26,18,585.3143804
27,18,436.7948085
28,18,166.3374024
29,18,189.8896233
30,18,310.9170271
31,18,355.5126308
32,18,368.221521
33,18,208.7971035
34,18,150.2307887
35,18,148.158292
36,18,200.3417044
37,18,262.1719029
38,18,308.0509939
39,18,305.2993266
40,18,267.4797769
41,18,205.112634
42,18,154.122919
43,18,157.5164281
44,18,156.013282
45,18,120.0059445
46,18,165.0862677
47,18,215.6039492
48,18,230.8766049
49,18,251.9611459
50,18,225.4073587
51,18,171.4261043
52,18,161.8937914
53,18,118.3305595
54,18,158.5007692
56,18,212.8032032
57,18,205.5535401
58,18,116.7614892
59,18,149.7988775
60,18,172.193334
61,18,165.4391171
62,18,134.979996
63,18,102.8900366
64,18,109.5533451
65,18,129.2148198
66,18,149.2397059
67,18,158.9953765
68,18,127.0069369
69,18,151.5491646
70,18,118.1968047
71,18,111.6816768
72,18,95.30989226
73,18,114.0743711
74,18,128.5979971
75,18,122.546311
76,18,131.923638
77,18,137.5570848
78,18,113.5514249
79,18,118.0028647
80,18,86.3997015
81,18,103.8063122
82,18,104.7560439
83,18,106.9852238
84,18,112.9893403
85,18,74.03297426
86,18,78.87394484
87,18,97.57352317
88,18,68.73532219
1,19,169.3834491
2,19,173.6045575
3,19,163.8410007
4,19,183.2710069
5,19,222.4959981
6,19,164.4037385
7,19,220.177475
8,19,241.2657546
9,19,191.547135
10,19,231.375551
11,19,168.5523727
12,19,225.7812378
13,19,300.3709844
14,19,357.1912726
15,19,227.4257439
16,19,192.3924588
17,19,254.5816733
18,19,386.7516568
20,19,184.7242923
21,19,199.7756205
22,19,198.0552378
23,19,671.2784704
24,19,287.0775029
25,19,131.4433027
26,19,325.1797227
27,19,428.509376
28,19,219.1927171
29,19,120.4185931
30,19,184.0313189
31,19,219.3699656
32,19,317.5828685
33,19,228.7218307
34,19,171.3824722
35,19,163.3654529
36,19,136.8592876
37,19,178.4824359
38,19,243.5885493
39,19,264.6845103
40,19,258.8694238
41,19,206.1851675
42,19,153.6145697
43,19,159.2225063
44,19,154.4529809
45,19,126.0736547
46,19,118.9521254
47,19,151.798964
48,19,180.3177086
49,19,219.7476723
50,19,209.7141172
51,19,165.7519474
52,19,157.0788406
53,19,114.1345225
54,19,116.7722089
56,19,171.5549883
57,19,180.0484392
58,19,110.3498191
59,19,140.0244408
60,19,149.6640573
61,19,143.8645905
62,19,123.1230684
63,19,95.68509837
64,19,83.0304113
65,19,105.1181305
66,19,121.3445328
67,19,129.2960359
68,19,109.5854522
69,19,131.8924483
70,19,105.8576862
71,19,102.3355693
72,19,72.97079798
73,19,92.11687427
74,19,104.9332197
75,19,105.6918212
76,19,113.9922617
77,19,119.0340769
78,19,92.87873986
79,19,101.6980869
80,19,70.82224214
81,19,85.02616757
82,19,88.30976156
83,19,91.95116812
84,19,98.30731352
85,19,60.20649648
86,19,64.72767177
87,19,84.63450903
88,19,56.13179446
1,20,81.18990967
2,20,82.52233374
3,20,79.57861669
4,20,86.51606881
5,20,99.49805975
6,20,97.68396228
7,20,100.0014644
8,20,103.1049753
9,20,88.74400721
10,20,104.121282
11,20,96.00803789
12,20,100.3490762
13,20,124.8073581
14,20,179.4236106
15,20,276.7383699
16,20,88.07336975
17,20,110.0236798
18,20,147.9929615
19,20,184.7242923
21,20,382.3041065
22,20,88.766459
23,20,198.7060561
24,20,255.8183006
25,20,111.9195767
26,20,138.6720308
27,20,156.0891472
28,20,161.9823828
29,20,65.42572309
30,20,89.16760411
31,20,102.953373
32,20,135.1063843
33,20,144.0443613
34,20,108.7260671
35,20,102.081359
36,20,74.03182695
37,20,95.15846408
38,20,128.4035055
39,20,144.7783811
40,20,141.0003819
41,20,116.1948559
42,20,96.3301588
43,20,98.9878665
44,20,95.46664472
45,20,77.8777724
46,20,65.09420489
47,20,82.16968426
48,20,97.78506748
49,20,121.8912482
50,20,116.2308901
51,20,95.27570958
52,20,96.94995744
53,20,70.05026977
54,20,63.96649861
56,20,94.8548398
57,20,101.061986
58,20,65.99095252
59,20,85.14053938
60,20,84.77225505
61,20,81.4401943
62,20,73.54931438
63,20,57.15080706
64,20,46.22948178
65,20,58.45011943
66,20,67.39361637
67,20,71.83360408
68,20,65.29693219
69,20,78.69974915
70,20,63.16552251
71,20,61.05510022
72,20,40.87300121
73,20,51.56067761
74,20,59.29100464
75,20,62.97236944
76,20,67.93938463
77,20,70.96194377
78,20,53.09496914
79,20,60.58528001
80,20,40.62559368
81,20,49.50739744
82,20,52.57990575
83,20,54.75340304
84,20,58.55538157
85,20,34.13399438
86,20,37.75737741
87,20,50.39207621
88,20,31.90733259
1,21,100.6814013
2,21,102.4017345
3,21,98.57828208
4,21,107.416411
5,21,124.0503451
6,21,128.1809676
7,21,124.5317556
8,21,128.9768012
9,21,103.4414155
10,21,129.7529966
11,21,124.1323572
12,21,114.0352175
13,21,140.0186258
14,21,233.2068764
15,21,378.8378393
16,21,100.6848172
17,21,124.3471324
18,21,163.6583105
19,21,199.7756205
20,21,382.3041065
22,21,101.0416432
23,21,211.7618081
24,21,218.9861368
25,21,165.2608531
26,21,166.4186524
27,21,186.4672885
28,21,190.9010189
29,21,78.94782704
30,21,107.4770126
31,21,123.9922062
32,21,162.1256349
33,21,171.5847824
34,21,129.6098267
35,21,122.2629875
36,21,89.29599368
37,21,114.6252572
38,21,154.2668088
39,21,173.6097338
40,21,168.9542181
41,21,139.1349199
42,21,115.2479586
43,21,118.7440482
44,21,114.7246204
45,21,93.60522925
46,21,78.6006692
47,21,99.11808649
48,21,117.8301925
49,21,146.5272299
50,21,139.7024881
51,21,114.4753163
52,21,116.5585973
53,21,84.36295073
54,21,77.24639884
56,21,114.347085
57,21,121.7473938
58,21,79.42409466
59,21,102.5623085
60,21,102.2921727
61,21,98.26106929
62,21,88.64254284
63,21,68.89105924
64,21,55.91356887
65,21,70.62220064
66,21,81.41773181
67,21,86.78478672
68,21,78.94776274
69,21,94.98349729
70,21,76.23414213
71,21,73.70040026
72,21,49.46359245
73,21,62.34324309
74,21,71.68691724
75,21,76.14412272
76,21,82.11731896
77,21,85.74380736
78,21,64.23186582
79,21,73.26926821
80,21,49.17440895
81,21,59.90792622
82,21,63.6327648
83,21,66.25493745
84,21,70.82945408
85,21,41.3308885
86,21,45.71284299
87,21,60.98437908
88,21,38.64607124
1,22,167.9897046
2,22,159.988395
3,22,193.7070888
4,22,208.5979435
5,22,181.5132632
6,22,134.158371
7,22,255.1350461
8,22,140.1292568
9,22,330.6243891
10,22,311.6931463
11,22,227.5240371
12,22,446.5825395
13,22,477.5318882
14,22,106.8921507
15,22,89.0505655
16,22,687.8037201
17,22,861.2461073
18,22,560.2957233
19,22,198.0552378
20,22,88.766459
21,22,101.0416432
23,22,296.9383978
24,22,106.488862
25,22,72.56840705
26,22,357.036424
27,22,223.6686105
28,22,96.5430304
29,22,184.6531508
30,22,315.4140217
31,22,345.4939023
32,22,249.3823142
33,22,128.1588719
34,22,94.44739785
35,22,98.36046001
36,22,194.309229
37,22,259.2699626
38,22,256.8265336
39,22,236.8014466
40,22,184.1607423
41,22,128.9830985
42,22,98.13820999
43,22,104.8693153
44,22,106.4013831
45,22,82.49952753
46,22,156.9907866
47,22,208.2355942
48,22,210.6853562
49,22,200.5817268
50,22,179.3005885
51,22,132.8158881
52,22,112.0612247
53,22,83.31224471
54,22,143.9624487
56,22,182.4991495
57,22,165.9253078
58,22,91.82160163
59,22,112.9046532
60,22,148.0511868
61,22,135.0753563
62,22,110.0727808
63,22,83.8313739
64,22,98.28667534
65,22,114.6212728
66,22,128.4799602
67,22,136.887757
68,22,105.5271484
69,22,124.4089859
70,22,97.18140366
71,22,91.61937392
72,22,85.24013964
73,22,99.95547498
74,22,113.8359161
75,22,101.8845264
76,22,109.3801369
77,22,113.807016
78,22,100.3739626
79,22,102.9247735
80,22,76.26775375
81,22,89.66110573
82,22,92.03326329
83,22,92.28998645
84,22,94.22317424
85,22,64.72483112
86,22,68.18414543
87,22,81.63642389
88,22,60.23117554
1,23,176.6729948
2,23,180.4244109
3,23,183.6086252
4,23,204.9158608
5,23,225.0959789
6,23,147.0484835
7,23,245.3988258
8,23,211.0158684
9,23,264.7770741
10,23,309.4458613
11,23,234.9370152
12,23,325.7572044
13,23,468.4761447
14,23,229.56592
15,23,171.4032513
16,23,280.7606142
17,23,394.705855
18,23,675.318527
19,23,671.2784704
20,23,198.7060561
21,23,211.7618081
22,23,296.9383978
24,23,299.9621017
25,23,119.3287314
26,23,638.0550165
27,23,955.7637668
28,23,233.6610928
29,23,162.9678478
30,23,261.6166522
31,23,336.23441
32,23,529.2935119
33,23,300.1588633
34,23,207.4618138
35,23,188.379581
36,23,184.8380578
37,23,248.8631535
38,23,361.8146145
39,23,378.7460397
40,23,374.0699527
41,23,283.1353869
42,23,208.5447449
43,23,199.4808334
44,23,191.1783416
45,23,142.3573879
46,23,156.7741687
47,23,204.712549
48,23,248.5910255
49,23,300.4660054
50,23,286.5266125
51,23,217.3642893
52,23,197.5818852
53,23,139.2269148
54,23,153.5763596
56,23,233.4982533
57,23,236.0199659
58,23,141.0956378
59,23,176.9432202
60,23,191.2107056
61,23,184.098272
62,23,155.0510088
63,23,120.2633491
64,23,105.6719835
65,23,136.4874532
66,23,157.9814595
67,23,168.2053509
68,23,135.313624
69,23,166.7356707
70,23,131.5528223
71,23,126.674061
72,23,91.7882745
73,23,117.8244736
74,23,134.1759898
75,23,130.3514763
76,23,141.3252039
77,23,148.1850197
78,23,117.3391449
79,23,125.1683037
80,23,88.52392091
81,23,106.676913
82,23,107.699157
83,23,112.3202086
84,23,120.6602633
85,23,74.86829755
86,23,80.44881577
87,23,103.2312126
88,23,69.40985175
1,24,78.50973271
2,24,79.69546012
3,24,81.34960362
4,24,88.64835951
5,24,95.22248561
6,24,87.45771516
7,24,102.7813388
8,24,96.53474568
9,24,104.3349553
10,24,123.4967728
11,24,92.74750043
12,24,120.9940975
13,24,156.6310167
14,24,154.0052877
15,24,157.7423492
16,24,104.3079609
17,24,134.9050686
18,24,194.7592121
19,24,287.0775029
20,24,255.8183006
21,24,218.9861368
22,24,106.488862
23,24,299.9621017
25,24,87.61045807
26,24,178.1765997
27,24,220.8883114
28,24,299.9782688
29,24,75.74377681
30,24,105.3432473
31,24,123.4874543
32,24,173.8956298
33,24,217.7831976
34,24,161.532647
35,24,136.6381948
36,24,86.34556716
37,24,113.7503267
38,24,161.3789593
39,24,189.0241895
40,24,186.9237336
41,24,156.279819
42,24,131.9889369
43,24,128.2760467
44,24,119.3928538
45,24,97.03929976
46,24,74.45721911
47,24,95.72576374
48,24,116.1367693
49,24,151.4798734
50,24,144.855123
51,24,119.5594066
52,24,120.2107307
53,24,84.06476129
54,24,73.04237403
56,24,111.7915209
57,24,120.6056642
58,24,80.14030208
59,24,101.6944096
60,24,98.15352904
61,24,94.47581459
62,24,87.0574558
63,24,67.42688646
64,24,51.37666758
65,24,66.12098621
66,24,76.4102839
67,24,81.39241114
68,24,73.00569684
69,24,90.79789438
70,24,72.89188954
71,24,70.22859629
72,24,44.97537286
73,24,57.59312963
74,24,66.28000144
75,24,70.29619899
76,24,76.36917796
77,24,80.20527192
78,24,58.77537737
79,24,67.4473282
80,24,44.5449509
81,24,54.55135166
82,24,57.83030354
83,24,60.34861184
84,24,64.94873583
85,24,37.21103574
86,24,41.24331839
87,24,55.4341091
88,24,34.61219535
1,25,82.17613322
2,25,83.02523568
3,25,81.32975812
4,25,86.61633185
5,25,96.0406804
6,25,107.3285643
7,25,97.51005568
8,25,96.75460186
9,25,84.15428923
10,25,100.913481
11,25,105.891811
12,25,81.31185031
13,25,97.73148556
14,25,128.2654051
15,25,184.7999321
16,25,73.61716014
17,25,86.2906752
18,25,103.9670264
19,25,131.4433027
20,25,111.9195767
21,25,165.2608531
22,25,72.56840705
23,25,119.3287314
24,25,87.61045807
26,25,124.0642623
27,25,128.3500391
28,25,82.58863735
29,25,70.56448067
30,25,94.7187388
31,25,107.5665002
32,25,122.0951379
33,25,142.4244051
34,25,124.4342053
35,25,228.3300246
36,25,79.3978135
37,25,100.2185151
38,25,130.6163663
39,25,142.1471079
40,25,150.828506
41,25,145.8659468
42,25,153.0582704
43,25,165.4313073
44,25,181.0659352
45,25,148.5854969
46,25,70.86363075
47,25,88.20284215
48,25,105.4568232
49,25,132.7080969
50,25,138.9815851
51,25,137.2396787
52,25,152.076765
53,25,121.9913185
54,25,70.34740485
56,25,113.0063431
57,25,125.7557093
58,25,96.03194735
59,25,127.6783952
60,25,105.1679717
61,25,108.7689988
62,25,102.575834
63,25,80.44402498
64,25,51.92300238
65,25,66.81358422
66,25,78.17040919
67,25,87.37785493
68,25,87.02859383
69,25,107.5521896
70,25,86.33817434
71,25,85.1017301
72,25,46.25407812
73,25,61.20755657
74,25,74.36555477
75,25,83.82496569
76,25,90.94019793
77,25,95.40288126
78,25,70.20393513
79,25,80.4715812
80,25,53.30688784
81,25,65.21821195
82,25,69.16347344
83,25,72.14509147
84,25,77.54711133
85,25,40.7723349
86,25,49.39263441
87,25,66.29530516
88,25,38.1615309
1,26,167.3648308
2,26,166.9129127
3,26,183.6271915
4,26,201.5906268
5,26,201.5206196
6,26,169.5870254
7,26,238.6158173
8,26,188.1455839
9,26,277.5406539
10,26,295.5647616
11,26,288.0781832
12,26,341.4198887
13,26,428.8133992
14,26,160.2169438
15,26,132.7581451
16,26,332.2167188
17,26,481.3014222
18,26,585.3143804
19,26,325.1797227
20,26,138.6720308
21,26,166.4186524
22,26,357.036424
23,26,638.0550165
24,26,178.1765997
25,26,124.0642623
27,26,919.3538832
28,26,192.9203496
29,26,250.2162166
30,26,474.8579503
31,26,719.5682272
32,26,844.2668205
33,26,308.7236922
34,26,213.8598894
35,26,195.0346375
36,26,289.0376765
37,26,432.6597928
38,26,622.2609041
39,26,622.6831174
40,26,430.8162497
41,26,291.8737395
42,26,215.2135254
43,26,206.5696605
44,26,198.2956381
45,26,147.820323
46,26,228.0638894
47,26,318.6565345
48,26,356.0573826
49,26,430.6932529
50,26,371.8383943
51,26,260.4673127
52,26,204.9780546
53,26,144.6914835
54,26,222.0915579
56,26,325.7861242
57,26,309.9305858
58,26,164.2402174
59,26,188.8526598
60,26,239.5412146
61,26,231.2910164
62,26,190.1750184
63,26,142.0976579
64,26,140.1604676
65,26,174.336931
66,26,202.7502347
67,26,215.5812413
68,26,159.9471123
69,26,204.8237951
70,26,158.2373625
71,26,146.340102
72,26,118.3291175
73,26,146.6707957
74,26,166.9386265
75,26,153.7899733
76,26,168.1449645
77,26,177.4934252
78,26,143.1092298
79,26,147.1916149
80,26,106.1317496
81,26,128.6597432
82,26,127.7317391
83,26,130.5213152
84,26,139.4417646
85,26,89.03612378
86,26,95.59536431
87,26,118.2806906
88,26,81.82794586
1,27,141.925363
2,27,144.3864246
3,27,148.0831972
4,27,162.9071931
5,27,175.2217852
6,27,120.9865224
7,27,191.2816575
8,27,163.6952903
9,27,204.4498037
10,27,234.102456
11,27,192.4111146
12,27,243.6832426
13,27,330.511389
14,27,175.7670742
15,27,140.4943898
16,27,215.0884562
17,27,288.9106861
18,27,436.7948085
19,27,428.509376
20,27,156.0891472
21,27,186.4672885
22,27,223.6686105
23,27,955.7637668
24,27,220.8883114
25,27,128.3500391
26,27,919.3538832
28,27,247.2672008
29,27,175.3662757
30,27,304.0453421
31,27,392.43458
32,27,911.9897791
33,27,439.617283
34,27,282.5422166
35,27,225.9130706
36,27,204.0787295
37,27,289.1487264
38,27,471.7405424
39,27,509.5746955
40,27,520.7646854
41,27,385.332687
42,27,274.5453052
43,27,237.9123079
44,27,218.2964161
45,27,158.0032637
46,27,166.9075748
47,27,225.5111532
48,27,283.5087661
49,27,363.766544
50,27,348.3990108
51,27,259.6817037
52,27,224.4527271
53,27,151.3055422
54,27,163.0062334
56,27,260.9176998
57,27,264.8602579
58,27,158.3159129
59,27,193.1747214
