2,1,671.5296312
3,1,902.4816794
5,1,514.1525236
6,1,460.4671199
8,1,300.4487155
9,1,438.4177286
10,1,456.3415525
11,1,280.313931
12,1,338.5911646
13,1,411.6144606
14,1,394.7193673
15,1,329.2208255
16,1,221.8301599
17,1,99.46077917
18,1,273.7496151
19,1,351.5605462
20,1,386.7649921
21,1,291.0158463
22,1,265.1040331
23,1,233.6008994
24,1,155.0609848
25,1,188.6133314
26,1,212.9049638
27,1,361.3427567
28,1,279.2867607
29,1,260.4082719
30,1,170.0534238
31,1,146.4383112
32,1,151.0550848
33,1,316.9353025
34,1,292.8859887
35,1,279.5006614
36,1,158.5694079
37,1,132.0978769
39,1,110.8956693
40,1,108.1963836
41,1,162.6365171
42,1,232.7057739
43,1,269.7438553
44,1,274.7374961
45,1,271.1098147
46,1,269.4799701
47,1,264.1132258
48,1,242.6178325
49,1,200.2304019
50,1,149.845497
51,1,83.335438
52,1,85.49872943
53,1,244.373757
54,1,225.0329868
55,1,107.7571592
56,1,79.62762475
57,1,86.80378415
58,1,172.6926046
59,1,199.1804451
60,1,202.5306868
61,1,190.6980945
62,1,186.8298823
63,1,115.7782118
64,1,69.12978276
65,1,70.95291805
66,1,143.1179399
67,1,171.0398022
68,1,94.56226627
69,1,90.73389426
70,1,147.9234277
71,1,104.1623871
72,1,72.38778797
73,1,61.48465306
74,1,98.36660816
75,1,112.4374134
76,1,115.6633861
77,1,92.31376699
78,1,85.3281145
79,1,67.12352343
80,1,57.16040365
81,1,71.86282757
82,1,78.37616596
83,1,76.72889987
84,1,71.99825872
85,1,67.34006656
86,1,58.39311936
87,1,53.43938128
88,1,51.62002912
89,1,57.28824246
90,1,58.13007276
91,1,57.77109917
92,1,56.04689792
93,1,55.36338907
94,1,53.99745171
95,1,48.69939301
96,1,50.15504692
1,2,671.5296312
3,2,363.5486474
5,2,1134.220367
6,2,1042.590468
8,2,337.009248
9,2,500.2950381
10,2,539.2895969
11,2,276.1149301
12,2,346.6468956
13,2,438.4951058
14,2,433.4804812
15,2,358.8355238
16,2,223.221587
17,2,93.88222125
18,2,264.3302375
19,2,356.9394246
20,2,392.5946425
21,2,293.6916272
22,2,268.7853837
23,2,231.0311313
24,2,149.3801699
25,2,176.3285709
26,2,201.6007596
27,2,353.9931156
28,2,276.64243
29,2,255.207116
30,2,163.0122675
31,2,133.8996217
32,2,138.6476426
33,2,302.2561721
34,2,282.146954
35,2,266.6816324
36,2,149.8490052
37,2,124.5227446
39,2,100.2785556
40,2,97.45252486
41,2,151.5828477
42,2,217.9899166
43,2,252.1547161
44,2,256.4927537
45,2,252.7442212
46,2,252.4850622
47,2,249.4091937
48,2,226.7047736
49,2,185.1115166
50,2,141.0019597
51,2,74.06589335
52,2,76.2063447
53,2,224.9388148
54,2,208.5526677
55,2,97.79585365
56,2,70.65867198
57,2,78.75678746
58,2,157.0368904
59,2,180.4419814
60,2,184.5493161
61,2,174.616832
62,2,171.2304216
63,2,104.7220268
64,2,60.57725139
65,2,63.15217442
66,2,128.5962881
67,2,153.5768986
68,2,85.36465689
69,2,80.77676895
70,2,132.1240664
71,2,92.28826118
72,2,64.39116229
73,2,54.60264475
74,2,86.79308006
75,2,99.49043552
76,2,102.3847924
77,2,81.78538346
78,2,75.68422986
79,2,59.77277041
80,2,50.62866867
81,2,62.96332552
82,2,68.89639905
83,2,67.60014101
84,2,63.47607746
85,2,59.23624843
86,2,51.75509731
87,2,47.18568832
88,2,45.47511843
89,2,49.98158663
90,2,50.78137311
91,2,50.71926265
92,2,49.11390725
93,2,48.49009539
94,2,47.20291574
95,2,42.71169983
96,2,43.69936462
1,3,902.4816794
2,3,363.5486474
5,3,347.3001129
6,3,286.567019
8,3,212.072883
9,3,320.5147082
10,3,334.1905262
11,3,216.6421419
12,3,256.916695
13,3,313.1799102
14,3,303.5750936
15,3,260.7039678
16,3,180.9591656
17,3,84.6360041
18,3,216.2012791
19,3,275.1766586
20,3,303.1188714
21,3,236.4112756
22,3,217.2432797
23,3,193.8623377
24,3,130.4822254
25,3,152.2336304
26,3,169.9586087
27,3,289.8746641
28,3,231.5907754
29,3,217.1395143
30,3,143.4832824
31,3,120.5457877
32,3,123.9189209
33,3,259.0204355
34,3,242.2501142
35,3,232.5561442
36,3,134.8475181
37,3,112.491989
39,3,92.22436508
40,3,90.31065076
41,3,134.8746676
42,3,192.486318
43,3,223.46838
44,3,228.0056198
45,3,225.4876261
46,3,224.5520367
47,3,221.1867297
48,3,204.5624485
49,3,170.0011535
50,3,127.7321936
51,3,70.44337556
52,3,72.07441684
53,3,204.9510664
54,3,190.7519072
55,3,92.6245099
56,3,67.41151285
57,3,73.48222926
58,3,146.0780327
59,3,168.9770857
60,3,172.141212
61,3,162.9393791
62,3,159.5374435
63,3,99.7472533
64,3,59.24508539
65,3,60.6945559
66,3,122.1978921
67,3,146.2122243
68,3,81.57796956
69,3,77.97737708
70,3,126.9776057
71,3,90.40824491
72,3,63.08859703
73,3,53.6479999
74,3,85.15587853
75,3,97.24372965
76,3,100.0023647
77,3,80.12789547
78,3,74.35494742
79,3,58.45649184
80,3,49.96769974
81,3,62.57510469
82,3,68.14830298
83,3,66.74531072
84,3,62.72927344
85,3,58.77268714
86,3,51.02122827
87,3,46.81801736
88,3,45.29772455
89,3,50.06129549
90,3,50.80388457
91,3,50.49799621
92,3,49.06207183
93,3,48.48314313
94,3,47.35815262
95,3,42.87105097
96,3,44.10264015
1,5,514.1525236
2,5,1134.220367
3,5,347.3001129
6,5,1027.17811
8,5,285.932655
9,5,776.2521068
10,5,801.1147629
11,5,382.4903774
12,5,503.7131718
13,5,609.2858713
14,5,560.1419272
15,5,420.9474198
16,5,258.3771456
17,5,103.235458
18,5,347.2013477
19,5,467.7830942
20,5,512.3273974
21,5,343.1914376
22,5,304.7069089
23,5,259.056835
24,5,165.6442237
25,5,223.7430574
26,5,261.0742046
27,5,442.9593514
28,5,310.4091201
29,5,285.0471846
30,5,180.3884949
31,5,164.2670588
32,5,171.0574453
33,5,367.1466495
34,5,327.8407794
35,5,307.7552913
36,5,164.8553873
37,5,136.8548574
39,5,121.0384316
40,5,116.9639677
41,5,180.3891256
42,5,260.4324406
43,5,300.5830864
44,5,304.6593304
45,5,298.8318237
46,5,295.519926
47,5,285.7420985
48,5,257.8461235
49,5,209.0227517
50,5,154.8550657
51,5,87.24578451
52,5,90.12406179
53,5,263.3711269
54,5,235.881131
55,5,109.0866389
56,5,83.0508968
57,5,91.17107375
58,5,181.9958238
59,5,208.3426353
60,5,210.8412786
61,5,195.9172973
62,5,192.2333385
63,5,116.5572027
64,5,69.99803759
65,5,72.16224779
66,5,147.2966107
67,5,175.5131401
68,5,94.89187609
69,5,91.78797408
70,5,150.2457999
71,5,103.0218114
72,5,70.90818062
73,5,60.06679989
74,5,97.78779721
75,5,112.1492718
76,5,115.4535014
77,5,91.29294888
78,5,83.6143801
79,5,65.8670764
80,5,55.60308959
81,5,70.47249046
82,5,77.19394912
83,5,75.49384157
84,5,70.57850401
85,5,65.74679585
86,5,56.86397789
87,5,51.72121442
88,5,49.77543501
89,5,55.72295762
90,5,56.57573851
91,5,56.2062509
92,5,54.34712271
93,5,53.63516572
94,5,52.13249938
95,5,46.6223272
96,5,48.13831763
1,6,460.4671199
2,6,1042.590468
3,6,286.567019
5,6,1027.17811
8,6,260.6032335
9,6,735.7030799
10,6,838.2459555
11,6,318.2331569
12,6,430.8261356
13,6,593.3429042
14,6,583.6102231
15,6,456.2840022
16,6,265.1463936
17,6,104.1504353
18,6,320.6915091
19,6,444.21585
20,6,496.1682808
21,6,351.2593251
22,6,317.5936429
23,6,266.8066224
24,6,168.5825463
25,6,194.2983616
26,6,224.5130698
27,6,427.4904539
28,6,319.9266795
29,6,292.3414012
30,6,183.1906844
31,6,144.9438707
32,6,150.5350222
33,6,353.4826621
34,6,325.8843627
35,6,305.0651478
36,6,166.397459
37,6,137.9907389
39,6,107.6130735
40,6,105.6933262
41,6,171.4688759
42,6,247.5446579
43,6,285.7145428
44,6,292.8096739
45,6,288.2085151
46,6,287.4337711
47,6,282.4157564
48,6,254.1039144
49,6,205.4006565
50,6,156.0245768
51,6,78.44651812
52,6,80.88702768
53,6,252.8499382
54,6,231.9445779
55,6,106.6859468
56,6,76.04181691
57,6,86.68550866
58,6,173.0398904
59,6,199.4616003
60,6,204.1396209
61,6,192.0409797
62,6,188.474143
63,6,113.8957653
64,6,64.43919604
65,6,68.57880033
66,6,140.0636127
67,6,168.1966494
68,6,92.67986022
69,6,87.28719106
70,6,143.9298033
71,6,99.32492299
72,6,69.0066178
73,6,58.43299908
74,6,93.0001094
75,6,107.3659767
76,6,110.5321763
77,6,88.01616977
78,6,81.10303742
79,6,64.11726512
80,6,54.05677373
81,6,67.02620337
82,6,73.86910953
83,6,72.53762987
84,6,67.99726385
85,6,63.32195497
86,6,55.29136237
87,6,50.2458946
88,6,48.3296842
89,6,53.1464684
90,6,54.11684641
91,6,54.11819054
92,6,52.31433944
93,6,51.62528337
94,6,50.16537738
95,6,45.22133463
96,6,46.30056056
1,8,300.4487155
2,8,337.009248
3,8,212.072883
5,8,285.932655
6,8,260.6032335
9,8,227.8340433
10,8,238.8189418
11,8,154.3368832
12,8,182.3254568
13,8,227.5486396
14,8,225.1625364
15,8,201.7178726
16,8,140.1126461
17,8,67.35919972
18,8,156.7209883
19,8,202.8293099
20,8,223.8137145
21,8,182.1359761
22,8,170.3014038
23,8,152.7317267
24,8,103.373416
25,8,111.6885061
26,8,123.7403948
27,8,216.8802583
28,8,182.3974372
29,8,171.3952481
30,8,113.7975783
31,8,89.69521665
32,8,91.97525211
33,8,195.9162241
34,8,186.4726561
35,8,179.587456
36,8,107.2925411
37,8,89.55632853
39,8,69.13779309
40,8,67.88802639
41,8,102.7279999
42,8,146.5340868
43,8,170.2807948
44,8,174.0567278
45,8,172.3643519
46,8,171.8459736
47,8,171.4160014
48,8,159.1252936
49,8,132.7549341
50,8,101.7309017
51,8,53.45949677
52,8,54.58365072
53,8,157.4711627
54,8,148.8249311
55,8,72.83864505
56,8,51.21792486
57,8,56.69885302
58,8,112.7632476
59,8,130.6822579
60,8,133.3725822
61,8,127.6970335
62,8,124.9879357
63,8,78.54291308
64,8,45.44063236
65,8,46.93647769
66,8,94.89345502
67,8,113.6974131
68,8,64.28549426
69,8,60.76003424
70,8,99.00348617
71,8,70.99901539
72,8,50.01058709
73,8,42.55573598
74,8,66.67450959
75,8,76.18959963
76,8,78.33494369
77,8,62.92760833
78,8,58.79232134
79,8,46.31826989
80,8,39.67964011
81,8,49.18573893
82,8,53.58054877
83,8,52.49262259
84,8,49.38553962
85,8,46.32365179
86,8,40.50502664
87,8,37.22675593
88,8,36.0525388
89,8,39.4436731
90,8,40.07905038
91,8,39.84183783
92,8,38.74625876
93,8,38.29924289
94,8,37.44804978
95,8,34.18560056
96,8,34.93437296
1,9,438.4177286
2,9,500.2950381
3,9,320.5147082
5,9,776.2521068
6,9,735.7030799
8,9,227.8340433
10,9,2458.86548
11,9,643.1906519
12,9,1310.982372
13,9,1502.708016
14,9,1080.95887
15,9,635.3777935
16,9,365.9511541
17,9,130.3689873
18,9,651.0874939
19,9,986.2501675
20,9,1039.02445
21,9,492.056314
22,9,416.2799623
23,9,343.7142379
24,9,213.5732979
25,9,321.6983134
26,9,414.2398127
27,9,743.4929345
28,9,414.1359975
29,9,374.3654516
30,9,231.3849069
31,9,224.0453569
32,9,235.3069612
33,9,566.4032901
34,9,479.1870115
35,9,440.6656032
36,9,208.4237139
37,9,172.5973004
39,9,161.1955907
40,9,160.5680615
41,9,272.1335145
42,9,397.259109
43,9,455.6315766
44,9,451.9282421
45,9,431.9170168
46,9,424.4484776
47,9,401.0108794
48,9,354.4831819
49,9,281.8333369
50,9,200.3349008
51,9,112.3002291
52,9,116.6343365
53,9,370.4602543
54,9,319.5823347
55,9,142.5438535
56,9,110.7625499
57,9,127.7651447
58,9,255.7789565
59,9,290.0559442
60,9,285.1279919
61,9,259.8753748
62,9,255.3875762
63,9,151.4639978
64,9,90.69755721
65,9,97.71104369
66,9,201.0357337
67,9,238.1520224
68,9,122.9176305
69,9,122.8866098
70,9,201.441776
71,9,132.1011341
72,9,89.74197013
73,9,75.83038729
74,9,128.3277808
75,9,147.3026739
76,9,151.7691875
77,9,117.0490201
78,9,106.2483604
79,9,83.49983372
80,9,69.91525628
81,9,91.09460668
82,9,99.99475528
83,9,97.68374474
84,9,89.71606442
85,9,83.25005424
86,9,71.57285342
87,9,64.73139966
88,9,62.08514264
89,9,71.39459698
90,9,72.35931705
91,9,71.44125422
92,9,68.44547584
93,9,67.41268005
94,9,65.31205058
95,9,57.77438876
96,9,60.36402605
1,10,456.3415525
2,10,539.2895969
3,10,334.1905262
5,10,801.1147629
6,10,838.2459555
8,10,238.8189418
9,10,2458.86548
11,10,561.3229867
12,10,942.7707191
13,10,2040.333334
14,10,1578.160289
15,10,833.7006599
16,10,450.4534715
17,10,148.2908348
18,10,651.0915779
19,10,992.8484809
20,10,1182.445871
21,10,611.644005
22,10,501.4819934
23,10,404.9473725
24,10,246.4616586
25,10,302.5879174
26,10,391.4188013
27,10,853.868661
28,10,486.7085044
29,10,437.7678733
30,10,266.0476226
31,10,215.6962077
32,10,225.6975232
33,10,636.1509121
34,10,535.1365476
35,10,489.8022238
36,10,237.2615658
37,10,196.1483856
39,10,156.7936328
40,10,166.0619418
41,10,280.7014209
42,10,409.4841453
43,10,473.6295076
44,10,491.3910148
45,10,477.5540006
46,10,468.6165945
47,10,443.127805
48,10,389.9238822
49,10,308.5282038
50,10,221.2971652
51,10,114.1659975
52,10,116.8355231
53,10,407.0826681
54,10,350.0809299
55,10,154.8145268
56,10,114.8326431
57,10,132.3705204
58,10,264.9545962
59,10,308.2541841
60,10,310.6364204
61,10,283.2381329
62,10,278.4496521
63,10,164.2922272
64,10,94.21123922
65,10,101.4276581
66,10,209.1606623
67,10,253.7717864
68,10,133.2305155
69,10,127.6455569
70,10,214.4329316
71,10,142.3482975
72,10,96.76231787
73,10,81.71681079
74,10,133.4436849
75,10,156.5299783
76,10,161.287534
77,10,126.1258663
78,10,114.2841405
79,10,90.06506382
80,10,75.27583462
81,10,95.80584852
82,10,106.1364803
83,10,103.6740343
84,10,96.50834647
85,10,89.48418885
86,10,77.07771332
87,10,69.62288564
88,10,66.72699513
89,10,75.3272786
90,10,76.72373374
91,10,76.19152967
92,10,73.39231066
93,10,72.35573986
94,10,70.05688155
95,10,62.00577923
96,10,64.26544948
1,11,280.313931
2,11,276.1149301
3,11,216.6421419
5,11,382.4903774
6,11,318.2331569
8,11,154.3368832
9,11,643.1906519
10,11,561.3229867
12,11,1281.562556
13,11,635.1785144
14,11,545.5034068
15,11,354.5558422
16,11,249.4585404
17,11,96.68721505
18,11,734.0054614
19,11,985.5025092
20,11,787.6324509
21,11,352.4779882
22,11,289.8946401
23,11,241.1059115
24,11,155.3183722
25,11,448.3294093
26,11,536.9236704
27,11,571.7092868
28,11,316.9162215
29,11,267.5496343
30,11,170.9824829
31,11,272.2333716
32,11,291.8336126
33,11,459.7681785
34,11,362.6269679
35,11,336.206215
36,11,162.1740174
37,11,130.4377029
39,11,185.5279663
40,11,166.5762942
41,11,265.1086922
42,11,379.0112802
43,11,401.1118195
44,11,397.0862589
45,11,356.6924706
46,11,336.8351906
47,11,308.470249
48,11,274.8669263
49,11,220.1990198
50,11,157.4834502
51,11,120.4303603
52,11,126.4290874
53,11,321.0105371
54,11,249.2589679
55,11,112.7351474
56,11,113.6421414
57,11,119.3798881
58,11,232.5068025
59,11,256.7292207
60,11,237.3122957
61,11,209.5874082
62,11,204.4898716
63,11,120.0422008
64,11,89.73662352
65,11,93.37952654
66,11,178.6794663
67,11,205.8676084
68,11,98.79284137
69,11,112.1466008
70,11,173.8065627
71,11,110.2537388
72,11,72.61999378
73,11,61.40728009
74,11,115.9679548
75,11,128.3600864
76,11,130.5501075
77,11,98.42865971
78,11,88.71313192
79,11,67.53639442
80,11,56.68267464
81,11,81.72779485
82,11,89.09041741
83,11,83.82578088
84,11,75.68738085
85,11,69.99865599
86,11,58.00964472
87,11,52.55057769
88,11,50.45145304
89,11,63.787628
90,11,64.14253862
91,11,61.18972802
92,11,58.58725538
93,11,56.6784805
94,11,54.91076547
95,11,47.03618728
96,11,51.59615294
1,12,338.5911646
2,12,346.6468956
3,12,256.916695
5,12,503.7131718
6,12,430.8261356
8,12,182.3254568
9,12,1310.982372
10,12,942.7707191
11,12,1281.562556
13,12,1077.925018
14,12,778.48853
15,12,447.5215076
16,12,302.5742025
17,12,112.5260399
18,12,1060.307182
19,12,1573.818751
20,12,1115.716392
21,12,432.5845857
22,12,349.3997591
23,12,286.4604987
24,12,182.4084895
25,12,427.2468161
26,12,611.6309366
27,12,739.0636421
28,12,379.9234445
29,12,316.7306391
30,12,200.5079925
31,12,270.8510523
32,12,288.5631186
33,12,574.3127463
34,12,439.3959104
35,12,404.2109281
36,12,189.4270764
37,12,151.8819426
39,12,187.5510958
40,12,185.6863857
41,12,301.8351586
42,12,434.8464658
43,12,495.707739
44,12,488.1331435
45,12,432.9112487
46,12,405.9960031
47,12,367.961697
48,12,325.3754466
49,12,258.7712613
50,12,183.9873503
51,12,124.1871452
52,12,129.9883274
53,12,386.6817846
54,12,293.4105433
55,12,130.9441105
56,12,121.3501516
57,12,134.3843284
58,12,265.2918403
59,12,299.1741551
60,12,279.9712812
61,12,245.1927426
62,12,239.2641692
63,12,139.1501183
64,12,96.31548514
65,12,100.5192535
66,12,204.9975135
67,12,242.299397
68,12,114.4684626
69,12,125.4679176
70,12,203.5739165
71,12,127.3328854
72,12,83.42394398
73,12,70.47832751
74,12,129.418155
75,12,147.1907736
76,12,151.722294
77,12,113.7170842
78,12,102.0989974
79,12,77.63103357
80,12,64.9610341
81,12,91.04022141
82,12,99.27021579
83,12,96.83215434
84,12,87.16506343
85,12,80.47913403
86,12,66.50624096
87,12,60.1233717
88,12,57.65082187
89,12,70.98175838
90,12,71.36513099
91,12,70.34678996
92,12,67.24972471
93,12,64.97948263
94,12,62.8751842
95,12,53.62187481
96,12,59.01470189
1,13,411.6144606
2,13,438.4951058
3,13,313.1799102
5,13,609.2858713
6,13,593.3429042
8,13,227.5486396
9,13,1502.708016
10,13,2040.333334
11,13,635.1785144
12,13,1077.925018
14,13,2876.193488
15,13,862.6657409
16,13,544.1179759
17,13,165.4804658
18,13,957.0538918
19,13,1714.535897
20,13,2476.820197
21,13,744.5832462
22,13,573.1295511
23,13,458.4328134
24,13,276.634901
25,13,341.40061
26,13,523.3953916
27,13,1312.353161
28,13,588.9369608
29,13,494.0419565
30,13,298.178168
31,13,241.2644516
32,13,260.9829102
33,13,883.435296
34,13,703.9229341
35,13,632.0766501
36,13,272.5707639
37,13,218.8073332
39,13,183.9225027
40,13,209.977502
41,13,366.4772435
42,13,546.4320535
43,13,631.4427919
44,13,652.3366255
45,13,621.7807472
46,13,606.6737702
47,13,561.9876889
48,13,485.9939344
49,13,378.6405442
50,13,264.8967411
51,13,139.5804106
52,13,143.2787096
53,13,517.4485861
54,13,431.3320467
55,13,185.5925873
56,13,141.0823831
57,13,163.9159701
58,13,331.7131828
59,13,383.7790585
60,13,382.3303893
61,13,343.3338835
62,13,337.9267467
63,13,196.1673746
64,13,113.2165618
65,13,122.8364631
66,13,256.4205098
67,13,309.2290076
68,13,158.7164629
69,13,153.4196963
70,13,259.1601083
71,13,168.4380164
72,13,113.4245728
73,13,95.62561663
74,13,158.4095201
75,13,186.6103606
76,13,192.3869334
77,13,149.2310837
78,13,134.3845487
79,13,105.6927826
80,13,87.85201142
81,13,112.8570185
82,13,125.4078111
83,13,122.4116684
84,13,113.5103837
85,13,104.9696038
86,13,90.01574367
87,13,81.00246582
88,13,77.45947378
89,13,88.28022138
90,13,89.93145525
91,13,89.17271598
92,13,85.71309929
93,13,84.45330561
94,13,81.59327458
95,13,71.67284349
96,13,74.57566442
1,14,394.7193673
2,14,433.4804812
3,14,303.5750936
5,14,560.1419272
6,14,583.6102231
8,14,225.1625364
9,14,1080.95887
10,14,1578.160289
11,14,545.5034068
12,14,778.48853
13,14,2876.193488
15,14,1208.125803
16,14,700.029965
17,14,186.5700673
18,14,824.7180046
19,14,1421.023999
20,14,2073.745916
21,14,977.5540014
22,14,709.2735454
23,14,545.9835674
24,14,318.7367689
25,14,317.3816148
26,14,475.5697382
27,14,1297.507743
28,14,681.305182
29,14,581.234778
30,14,341.650514
31,14,228.3362157
32,14,247.9933424
33,14,900.6950957
34,14,795.1796669
35,14,705.7274674
36,14,298.945374
37,14,246.3687336
39,14,177.7072124
40,14,201.587459
41,14,347.6098904
42,14,522.0496921
43,14,621.3326721
44,14,645.1550159
45,14,658.5249996
46,14,651.0954958
47,14,620.6153893
48,14,531.3297699
49,14,410.2566974
50,14,285.0466694
51,14,135.6808317
52,14,139.1210089
53,14,535.6528038
54,14,468.2902752
55,14,198.4103907
56,14,136.8958326
57,14,158.59144
58,14,325.8201516
59,14,392.7537873
60,14,403.3323159
61,14,369.3164391
62,14,363.7402836
63,14,209.2544519
64,14,110.7453162
65,14,119.8181755
66,14,258.0610067
67,14,317.6196074
68,14,169.0937722
69,14,150.1558711
70,14,265.953734
71,14,175.463738
72,14,119.7922658
73,14,100.9028254
74,14,161.8970346
75,14,191.2196093
76,14,197.1503737
77,14,155.4520107
78,14,140.7516956
79,14,111.693299
80,14,92.56830803
81,14,115.4972021
82,14,128.3830447
83,14,126.7036291
84,14,118.0237256
85,14,109.0537907
86,14,94.88213408
87,14,85.21115344
88,14,81.38815654
89,14,90.29664472
90,14,91.98717084
91,14,92.57710472
92,14,88.92697406
93,14,87.60429395
94,14,84.5814907
95,14,75.14039752
96,14,77.2209389
1,15,329.2208255
2,15,358.8355238
3,15,260.7039678
5,15,420.9474198
6,15,456.2840022
8,15,201.7178726
9,15,635.3777935
10,15,833.7006599
11,15,354.5558422
12,15,447.5215076
13,15,862.6657409
14,15,1208.125803
16,15,908.7095035
17,15,210.6543406
18,15,491.0887454
19,15,736.7230529
20,15,968.6488019
21,15,1295.360158
22,15,932.3977005
23,15,671.1088237
24,15,371.6707008
25,15,237.404591
26,15,322.3668441
27,15,1024.734748
28,15,811.7306385
29,15,700.2818982
30,15,395.0436282
31,15,179.3491174
32,15,191.6242083
33,15,818.4381343
34,15,780.9967908
35,15,726.351362
36,15,338.0999147
37,15,277.6448152
39,15,152.8675196
40,15,170.6317356
41,15,296.8735809
42,15,457.1866526
43,15,543.2776507
44,15,587.4973033
45,15,610.6763202
46,15,619.0361394
47,15,617.4937184
48,15,541.5081664
49,15,416.4005666
50,15,311.7723213
51,15,118.5489624
52,15,121.2034436
53,15,501.5453924
54,15,465.105816
55,15,196.7490215
56,15,119.0558469
57,15,140.9481391
58,15,295.562847
59,15,371.3649922
60,15,387.3239912
61,15,366.4549716
62,15,360.9464858
63,15,207.4558092
64,15,98.37461436
65,15,108.2888489
66,15,245.4624741
67,15,301.9275796
68,15,167.6190692
69,15,143.3817153
70,15,253.4956489
71,15,170.2051045
72,15,118.6430596
73,15,99.92575555
74,15,155.1985119
75,15,183.0744503
76,15,188.7193592
77,15,150.7267094
78,15,139.4007461
79,15,110.6284533
80,15,91.65884347
81,15,111.0040659
82,15,123.268294
83,15,121.724405
84,15,114.576096
85,15,105.9256028
86,15,93.95330744
87,15,84.36010609
88,15,80.5657984
89,15,86.92585542
90,15,88.54868173
91,15,89.90357326
92,15,86.45374806
93,15,85.17789639
94,15,82.27478808
95,15,74.36461963
96,15,75.12584519
1,16,221.8301599
2,16,223.221587
3,16,180.9591656
5,16,258.3771456
6,16,265.1463936
8,16,140.1126461
9,16,365.9511541
10,16,450.4534715
11,16,249.4585404
12,16,302.5742025
13,16,544.1179759
14,16,700.029965
15,16,908.7095035
17,16,233.3902343
18,16,333.4176303
19,16,480.7383605
20,16,608.6811184
21,16,1718.786377
22,16,2020.831787
23,16,983.8839537
24,16,452.5785694
25,16,172.9392026
26,16,227.2088449
27,16,679.8928174
28,16,1153.609082
29,16,951.4639814
30,16,468.7423102
31,16,133.0304435
32,16,141.2576977
33,16,639.1273671
34,16,747.4782705
35,16,792.4097115
36,16,376.3206032
37,16,306.013909
39,16,115.4614947
40,16,125.7121415
41,16,218.9225708
42,16,342.2945548
43,16,425.2540583
44,16,472.912589
45,16,514.1241274
46,16,544.5818074
47,16,609.2011815
48,16,555.5904422
49,16,435.1280859
50,16,341.30428
51,16,90.45508867
52,16,92.33163794
53,16,408.3427903
54,16,450.1986224
55,16,200.4175129
56,16,92.76413042
57,16,109.5501101
58,16,235.5097572
59,16,302.2498062
60,16,340.0184868
61,16,339.711433
62,16,335.9198709
63,16,196.5613667
64,16,76.91896365
65,16,84.87992786
66,16,200.0582879
67,16,250.6830865
68,16,152.395592
69,16,117.0038285
70,16,210.7520066
71,16,151.6287741
72,16,105.8199575
73,16,88.95147956
74,16,127.8297495
75,16,150.8013225
76,16,156.6846863
77,16,131.3125352
78,16,124.3211908
79,16,98.79990338
80,16,81.3423897
81,16,91.41477142
82,16,101.5206127
83,16,104.3214537
84,16,99.32122694
85,16,91.72874269
86,16,83.442809
87,16,74.60223364
88,16,71.06790959
89,16,71.57872047
90,16,72.9152565
91,16,76.79470986
92,16,74.5828064
93,16,73.50762551
94,16,70.8970736
95,16,65.28824965
96,16,64.28438286
1,17,99.46077917
2,17,93.88222125
3,17,84.6360041
5,17,103.235458
6,17,104.1504353
8,17,67.35919972
9,17,130.3689873
10,17,148.2908348
11,17,96.68721505
12,17,112.5260399
13,17,165.4804658
14,17,186.5700673
15,17,210.6543406
16,17,233.3902343
18,17,119.3891952
19,17,159.159947
20,17,188.5115169
21,17,294.2915866
22,17,366.5288967
23,17,380.9211874
24,17,701.8347306
25,17,73.11162919
26,17,88.42845724
27,17,216.6045546
28,17,415.1418183
29,17,497.1395602
30,17,481.4105547
31,17,62.26766914
32,17,65.36253543
33,17,242.6645434
34,17,333.7527458
35,17,355.231691
36,17,315.0050721
37,17,290.6822879
39,17,56.42788025
40,17,60.25669226
41,17,99.3098835
42,17,150.1644986
43,17,185.9827392
44,17,206.9365455
45,17,234.013424
46,17,259.2867391
47,17,308.2934723
48,17,309.8660126
49,17,292.2932847
50,17,241.055142
51,17,45.26740807
52,17,45.99551222
53,17,192.2093749
54,17,261.4504249
55,17,155.0374617
56,17,45.83660618
57,17,53.10117842
58,17,118.1999923
59,17,152.8963671
60,17,178.5735719
61,17,194.8037225
62,17,207.2768217
63,17,141.0054973
64,17,39.43130903
65,17,42.67885275
66,17,104.2257075
67,17,135.2358526
68,17,99.38642467
69,17,62.6086358
70,17,114.9868648
71,17,93.6160365
72,17,68.5666729
73,17,56.98203287
74,17,71.07671187
75,17,83.35749353
76,17,87.1099032
77,17,78.24637519
78,17,79.22861611
79,17,62.9549452
80,17,51.86520886
81,17,51.44398718
82,17,56.87031508
83,17,58.80983145
84,17,58.27976735
85,17,58.01396541
86,17,53.2002189
87,17,47.58491813
88,17,45.34233238
89,17,40.59341237
90,17,41.34120981
91,17,43.91184411
92,17,44.65284499
93,17,45.03684615
94,17,44.7464196
95,17,41.67512379
96,17,39.90943103
1,18,273.7496151
2,18,264.3302375
3,18,216.2012791
5,18,347.2013477
6,18,320.6915091
8,18,156.7209883
9,18,651.0874939
10,18,651.0915779
11,18,734.0054614
12,18,1060.307182
13,18,957.0538918
14,18,824.7180046
15,18,491.0887454
16,18,333.4176303
17,18,119.3891952
19,18,2297.182542
20,18,1459.500184
21,18,482.1149222
22,18,382.7129468
23,18,309.6239829
24,18,195.0988877
25,18,440.8121482
26,18,950.7103301
27,18,898.7210626
28,18,414.0603536
29,18,341.213353
30,18,214.1741302
31,18,277.6555712
32,18,313.8769842
33,18,683.9458318
34,18,483.7221498
35,18,441.7170551
36,18,201.6263562
37,18,161.2170933
39,18,200.8020437
40,18,233.1656349
41,18,408.7640868
42,18,592.716311
43,18,608.7235439
44,18,580.7915549
45,18,504.5065681
46,18,459.802614
47,18,406.0409972
48,18,350.5091952
49,18,276.9334198
50,18,195.8732047
51,18,141.6656257
52,18,146.3476114
53,18,445.2944678
54,18,318.9336503
55,18,140.2531272
56,18,144.6584278
57,18,164.8507929
58,18,321.1589451
59,18,348.6236748
60,18,312.3266463
61,18,267.0981352
62,18,260.6878448
63,18,148.716086
64,18,110.951503
65,18,118.8062552
66,18,237.6751545
67,18,269.3536163
68,18,123.2086897
69,18,146.5003761
70,18,224.6960369
71,18,137.7353021
72,18,88.85869127
73,18,74.98653565
74,18,148.213977
75,18,163.5299859
76,18,165.5878326
77,18,123.0699087
78,18,109.9003789
79,18,82.7489765
80,18,68.99508896
81,18,102.8282464
82,18,112.3660189
83,18,104.7750766
84,18,93.91173072
85,18,86.50597565
86,18,70.66748241
87,18,63.7271368
88,18,61.01656971
89,18,79.54868958
90,18,79.88186166
91,18,75.60808737
92,18,72.12227476
93,18,69.56971776
94,18,67.20179103
95,18,56.59350665
96,18,62.97971485
1,19,351.5605462
2,19,356.9394246
3,19,275.1766586
5,19,467.7830942
6,19,444.21585
8,19,202.8293099
9,19,986.2501675
10,19,992.8484809
11,19,985.5025092
12,19,1573.818751
13,19,1714.535897
14,19,1421.023999
15,19,736.7230529
16,19,480.7383605
17,19,159.159947
18,19,2297.182542
20,19,3606.067712
21,19,712.9785739
22,19,544.6620207
23,19,428.4442553
24,19,264.2657811
25,19,454.7630847
26,19,847.7272424
27,19,1468.478421
28,19,582.9793184
29,19,468.9621133
30,19,289.3381495
31,19,300.0558243
32,19,335.0478343
33,19,1015.936253
34,19,695.9898674
35,19,625.4914819
36,19,270.4902396
37,19,215.10829
39,19,227.2176923
40,19,268.0202992
41,19,499.3677614
42,19,747.5148813
43,19,844.590078
44,19,816.8757007
45,19,694.9674702
46,19,637.8526769
47,19,556.5887247
48,19,481.6899467
49,19,375.544564
50,19,262.8698523
51,19,167.3902064
52,19,172.7538145
53,19,606.3492238
54,19,427.7393018
55,19,184.2656409
56,19,170.6668111
57,19,201.138643
58,19,404.5498614
59,19,450.8510121
60,19,412.9033697
61,19,353.2499519
62,19,344.8466314
63,19,194.7981736
64,19,131.7970525
65,19,144.8949272
66,19,301.6958981
67,19,354.9693646
68,19,160.6966728
69,19,178.6453853
70,19,294.2431998
71,19,177.2343677
72,19,114.5284611
73,19,96.52900873
74,19,180.6953358
75,19,208.1196738
76,19,214.7125582
77,19,158.4321161
78,19,140.8312331
79,19,106.7413928
80,19,88.64247569
81,19,125.3439044
82,19,138.2811924
83,19,134.8573252
84,19,120.4362362
85,19,110.7204202
86,19,90.83584231
87,19,81.6893346
88,19,78.08746961
89,19,96.95862351
90,19,98.17594842
91,19,96.76474977
92,19,92.13501187
93,19,88.74840285
94,19,85.60553301
95,19,72.20342205
96,19,80.12569694
1,20,386.7649921
2,20,392.5946425
3,20,303.1188714
5,20,512.3273974
6,20,496.1682808
8,20,223.8137145
9,20,1039.02445
10,20,1182.445871
11,20,787.6324509
12,20,1115.716392
13,20,2476.820197
14,20,2073.745916
15,20,968.6488019
16,20,608.6811184
17,20,188.5115169
18,20,1459.500184
19,20,3606.067712
21,20,924.4375635
22,20,681.53431
23,20,523.1826314
24,20,317.0285141
25,20,425.0132496
26,20,706.2684414
27,20,2206.89876
28,20,722.5910959
29,20,569.3977335
30,20,346.3624747
31,20,292.5241177
32,20,322.3130609
33,20,1323.149774
34,20,879.5287518
35,20,779.1991426
36,20,321.9828675
37,20,254.9529616
39,20,239.3377665
40,20,279.9253297
41,20,512.4289869
42,20,777.2572289
43,20,909.8721492
44,20,932.4508646
45,20,846.186236
46,20,787.7968394
47,20,684.0943851
48,20,584.8023633
49,20,450.9480178
50,20,313.0049543
51,20,177.6568347
52,20,183.1004462
53,20,681.9988425
54,20,514.8895393
55,20,217.6655202
56,20,180.7378111
57,20,212.2351422
58,20,431.3225918
59,20,501.6453582
60,20,478.1216294
61,20,418.0728846
62,20,408.2029179
63,20,229.4892824
64,20,140.9192051
65,20,154.4189424
66,20,327.4910718
67,20,394.7302636
68,20,187.9667275
69,20,190.9976397
70,20,327.1125953
71,20,201.7581768
72,20,132.6619719
73,20,111.6998206
74,20,194.8739412
75,20,231.2670374
76,20,238.5972561
77,20,179.064547
78,20,159.9845649
79,20,123.7247525
80,20,102.4109536
81,20,137.7038627
82,20,153.6188317
83,20,149.812
84,20,135.3943995
85,20,124.8776518
86,20,104.9868875
87,20,94.2054149
88,20,89.93367003
89,20,107.0150344
90,20,109.0392034
91,20,107.4695741
92,20,102.3198326
93,20,99.97663556
94,20,96.38678735
95,20,82.95117489
96,20,88.96772461
1,21,291.0158463
2,21,293.6916272
3,21,236.4112756
5,21,343.1914376
6,21,351.2593251
8,21,182.1359761
9,21,492.056314
10,21,611.644005
11,21,352.4779882
12,21,432.5845857
13,21,744.5832462
14,21,977.5540014
15,21,1295.360158
16,21,1718.786377
17,21,294.2915866
18,21,482.1149222
19,21,712.9785739
20,21,924.4375635
22,21,2465.887393
23,21,1198.599848
24,21,568.5940966
25,21,238.8546
26,21,320.6732211
27,21,1110.031977
28,21,1830.835597
29,21,1189.791017
30,21,589.5110749
31,21,181.5514631
32,21,193.5726512
33,21,1102.531832
34,21,1359.394075
35,21,1228.243083
36,21,474.4375713
37,21,385.9398781
39,21,166.1044598
40,21,182.7971487
41,21,328.7578886
42,21,524.9409102
43,21,663.777861
44,21,763.3086828
45,21,869.1710214
46,21,931.2569186
47,21,956.4151572
48,21,799.6734447
49,21,606.7908974
50,21,431.7160985
51,21,128.4945467
52,21,131.476186
53,21,649.1278259
54,21,654.6565388
55,21,256.1610193
56,21,132.6635758
57,21,158.3091409
58,21,349.2110067
59,21,459.4617058
60,21,517.4487371
61,21,491.775955
62,21,485.9900444
63,21,267.2709871
64,21,107.9213123
65,21,120.2774003
66,21,296.2726702
67,21,371.2204465
68,21,214.6748191
69,21,169.4153858
70,21,307.8763394
71,21,211.1477958
72,21,145.9790048
73,21,122.4528602
74,21,183.6487491
75,21,217.8789282
76,21,224.7983237
77,21,184.8899965
78,21,171.4824352
79,21,136.4847222
80,21,111.6134553
81,21,129.8507474
82,21,144.8249575
83,21,147.9346838
84,21,138.8717888
85,21,127.7116722
86,21,114.5889627
87,21,101.9857565
88,21,96.89834378
89,21,100.9503631
90,21,102.8585899
91,21,107.8971777
92,21,103.3338312
93,21,101.6934194
94,21,97.81588737
95,21,88.58085531
96,21,88.68600079
1,22,265.1040331
2,22,268.7853837
3,22,217.2432797
5,22,304.7069089
6,22,317.5936429
8,22,170.3014038
9,22,416.2799623
10,22,501.4819934
11,22,289.8946401
12,22,349.3997591
13,22,573.1295511
14,22,709.2735454
15,22,932.3977005
16,22,2020.831787
17,22,366.5288967
18,22,382.7129468
19,22,544.6620207
20,22,681.53431
21,22,2465.887393
23,22,1973.70118
24,22,793.229021
25,22,203.521775
26,22,264.2025874
27,22,796.9260694
28,22,2637.542682
29,22,1959.759241
30,22,795.3829272
31,22,157.6233393
32,22,166.978819
33,22,792.6814935
34,22,1204.310249
35,22,1314.531095
36,22,593.872601
37,22,477.976581
39,22,142.5093347
40,22,155.143935
41,22,270.0878539
42,22,422.205313
43,22,526.8796828
44,22,604.9966109
45,22,700.7514267
46,22,792.7922951
47,22,944.9066044
48,22,880.8087161
49,22,668.6698234
50,22,529.3799584
51,22,111.6598918
52,22,113.9734347
53,22,533.3465786
54,22,681.0869639
55,22,292.0488178
56,22,114.5020645
57,22,135.2067985
58,22,298.2699356
59,22,397.006279
60,22,477.67482
61,22,482.127826
62,22,490.068478
63,22,279.5838128
64,22,94.96316883
65,22,104.7805388
66,22,260.5469498
67,22,342.197043
68,22,214.655928
69,22,151.2467095
70,22,285.5976204
71,22,204.9563991
72,22,145.0319623
73,22,121.5816518
74,22,168.8712159
75,22,199.8215355
76,22,209.8305808
77,22,177.1070371
78,22,170.3641989
79,22,135.656495
80,22,110.7105548
81,22,120.0306396
82,22,133.6077457
83,22,139.4211332
84,22,133.0511732
85,22,123.42454
86,22,113.6898818
87,22,101.0481976
88,22,95.93199246
89,22,93.62344042
90,22,95.3832578
91,22,101.9562399
92,22,99.13506407
93,22,97.64951719
94,22,94.2063833
95,22,87.56923576
96,22,84.83534066
1,23,233.6008994
2,23,231.0311313
3,23,193.8623377
5,23,259.056835
6,23,266.8066224
8,23,152.7317267
9,23,343.7142379
10,23,404.9473725
11,23,241.1059115
12,23,286.4604987
13,23,458.4328134
14,23,545.9835674
15,23,671.1088237
16,23,983.8839537
17,23,380.9211874
18,23,309.6239829
19,23,428.4442553
20,23,523.1826314
21,23,1198.599848
22,23,1973.70118
24,23,856.0899687
25,23,174.3266855
26,23,220.0507053
27,23,601.269338
28,23,1816.096037
29,23,2170.722736
30,23,830.4228872
31,23,138.643736
32,23,146.781446
33,23,651.6698603
34,23,997.2398622
35,23,1102.451658
36,23,608.6017061
37,23,488.6051568
39,23,128.1284109
40,23,138.6261559
41,23,237.0186507
42,23,366.3555298
43,23,461.473194
44,23,526.651408
45,23,600.3750564
46,23,690.1058624
47,23,851.7799286
48,23,829.5878597
49,23,672.3790353
50,23,540.2398797
51,23,101.144031
52,23,103.0920189
53,23,468.9254125
54,23,645.7830641
55,23,293.7764129
56,23,103.3059139
57,23,121.2456937
58,23,271.3040337
59,23,358.2631431
60,23,432.3234322
61,23,450.2942712
62,23,466.9979932
63,23,279.2458552
64,23,86.66355241
65,23,95.05268498
66,23,237.6015799
67,23,313.2317649
68,23,205.5127685
69,23,139.2037378
70,23,262.6207985
71,23,193.763002
72,23,139.3489677
73,23,116.8583317
74,23,156.9479952
75,23,185.3217985
76,23,194.3803795
77,23,165.2769379
78,23,163.6916245
79,23,130.3104662
80,23,106.467354
81,23,112.030493
82,23,124.5026583
83,23,129.8608177
84,23,124.5776605
85,23,118.7408612
86,23,109.3176705
87,23,97.23509849
88,23,92.35209791
89,23,87.61802353
90,23,89.25737735
91,23,95.32273123
92,23,93.17523353
93,23,91.80478897
94,23,90.74338695
95,23,84.36951522
96,23,80.43539621
1,24,155.0609848
2,24,149.3801699
3,24,130.4822254
5,24,165.6442237
6,24,168.5825463
8,24,103.373416
9,24,213.5732979
10,24,246.4616586
11,24,155.3183722
12,24,182.4084895
13,24,276.634901
14,24,318.7367689
15,24,371.6707008
16,24,452.5785694
17,24,701.8347306
18,24,195.0988877
19,24,264.2657811
20,24,317.0285141
21,24,568.5940966
22,24,793.229021
23,24,856.0899687
25,24,115.1175001
26,24,141.9203647
27,24,368.9988186
28,24,888.7271902
29,24,1208.709423
30,24,1325.085846
31,24,97.44366207
32,24,102.8262634
33,24,424.5543382
34,24,640.8972547
35,24,698.3011517
36,24,644.6890797
37,24,590.8691843
39,24,89.37645214
40,24,96.2082558
41,24,162.1274386
42,24,248.3953546
43,24,310.7462506
44,24,350.955928
45,24,407.6447505
46,24,462.6298959
47,24,575.5582718
48,24,564.8966157
49,24,535.6735112
50,24,449.9225256
51,24,70.9925626
52,24,72.27329618
53,24,322.892917
54,24,453.7984008
55,24,272.9224816
56,24,72.26926958
57,24,84.39358119
58,24,191.1202124
59,24,250.7126446
60,24,299.3292315
61,24,322.8103714
62,24,349.4164916
63,24,237.561519
64,24,61.21233162
65,24,66.79964133
66,24,167.7419817
67,24,220.018283
68,24,162.5027566
69,24,99.05049984
70,24,185.2958598
71,24,148.0135628
72,24,108.4208316
73,24,89.68620227
74,24,111.9156181
75,24,131.8691255
76,24,138.1557009
77,24,122.806228
78,24,124.9941393
79,24,99.54425176
80,24,81.1853571
81,24,80.22907205
82,24,89.01616084
83,24,92.60045789
84,24,90.50134209
85,24,90.48774894
86,24,83.37676338
87,24,74.07312837
88,24,70.30480015
89,24,62.91763862
90,24,64.08929698
91,24,68.24374761
92,24,68.78127439
93,24,69.48003623
94,24,69.01678537
95,24,64.14574433
96,24,61.09748405
1,25,188.6133314
2,25,176.3285709
3,25,152.2336304
5,25,223.7430574
6,25,194.2983616
8,25,111.6885061
9,25,321.6983134
10,25,302.5879174
11,25,448.3294093
12,25,427.2468161
13,25,341.40061
14,25,317.3816148
15,25,237.404591
16,25,172.9392026
17,25,73.11162919
18,25,440.8121482
19,25,454.7630847
20,25,425.0132496
21,25,238.8546
22,25,203.521775
23,25,174.3266855
24,25,115.1175001
26,25,378.9120532
27,25,359.4588247
28,25,224.9243897
29,25,194.9293221
30,25,127.1368236
31,25,700.701515
32,25,742.7696305
33,25,310.1253033
34,25,251.8948271
35,25,237.2219231
36,25,121.6425104
37,25,98.52128898
39,25,361.0719054
40,25,205.0085288
41,25,257.6539526
42,25,306.4977936
43,25,306.928062
44,25,286.0607028
45,25,256.6352314
46,25,241.7701377
47,25,223.8298689
48,25,200.2834341
49,25,162.9777639
50,25,118.0686823
51,25,179.2246402
52,25,194.9147733
53,25,238.4655268
54,25,185.7357276
55,25,86.37571077
56,25,158.3538976
57,25,143.6028568
58,25,239.3904602
59,25,241.221573
60,25,183.1400847
61,25,159.2549569
62,25,155.3363581
63,25,92.37161218
64,25,115.876283
65,25,118.3345324
66,25,180.872072
67,25,186.976451
68,25,76.54439194
69,25,117.127323
70,25,162.8184117
71,25,92.17615506
72,25,57.27876125
73,25,48.52873255
74,25,118.351964
75,25,130.5590799
76,25,122.8916294
77,25,82.26387035
78,25,74.39547004
79,25,53.20121237
80,25,44.93354448
81,25,82.0397228
82,25,89.66123771
83,25,75.48536773
84,25,67.45086875
85,25,58.75400429
86,25,46.09250964
87,25,41.8086684
88,25,40.24432041
89,25,63.43601947
90,25,63.69699707
91,25,55.28223542
92,25,52.1571895
93,25,49.46148227
94,25,47.20191107
95,25,37.71038755
96,25,46.46803944
1,26,212.9049638
2,26,201.6007596
3,26,169.9586087
5,26,261.0742046
6,26,224.5130698
8,26,123.7403948
9,26,414.2398127
10,26,391.4188013
11,26,536.9236704
12,26,611.6309366
13,26,523.3953916
14,26,475.5697382
15,26,322.3668441
16,26,227.2088449
17,26,88.42845724
18,26,950.7103301
19,26,847.7272424
20,26,706.2684414
21,26,320.6732211
22,26,264.2025874
23,26,220.0507053
24,26,141.9203647
25,26,378.9120532
27,26,530.1973272
28,26,288.9825335
29,26,244.2737435
30,26,156.256696
31,26,245.5431044
32,26,295.5639959
33,26,460.9581362
34,26,330.31613
35,26,306.4849448
36,26,148.2665542
37,26,119.2899144
39,26,183.7850203
40,26,217.6306548
41,26,364.3510862
42,26,526.1394562
43,26,475.391033
44,26,453.4259878
45,26,385.6796356
46,26,334.5888262
47,26,285.5118365
48,26,250.9558162
49,26,201.1912372
50,26,143.9751152
51,26,127.6087962
52,26,132.1892933
53,26,352.2182511
54,26,230.5101544
55,26,104.1646061
56,26,130.8845211
57,26,143.1391139
58,26,277.6174498
59,26,300.3525783
60,26,250.1436215
61,26,206.3457192
62,26,201.3575809
63,26,110.9014278
64,26,98.48491969
65,26,103.159951
66,26,203.9563625
67,26,223.135525
68,26,96.29681415
69,26,125.6997396
70,26,189.353963
71,26,111.6302969
72,26,70.15748439
73,26,59.26846416
74,26,126.6018487
75,26,139.5948208
76,26,139.8763689
77,26,99.72503612
78,26,89.23722427
79,26,65.28729799
80,26,54.62568557
81,26,87.55901929
82,26,95.72693509
83,26,85.60866004
84,26,76.75972084
85,26,70.27918166
86,26,55.92583117
87,26,50.55443773
88,26,48.47314363
89,26,67.61812238
90,26,67.88311084
91,26,61.83988235
92,26,59.023742
93,26,56.604775
94,26,54.71355112
95,26,45.08156157
96,26,51.61047522
1,27,361.3427567
2,27,353.9931156
3,27,289.8746641
5,27,442.9593514
6,27,427.4904539
8,27,216.8802583
9,27,743.4929345
10,27,853.868661
11,27,571.7092868
12,27,739.0636421
13,27,1312.353161
14,27,1297.507743
15,27,1024.734748
16,27,679.8928174
17,27,216.6045546
18,27,898.7210626
19,27,1468.478421
20,27,2206.89876
21,27,1110.031977
22,27,796.9260694
23,27,601.269338
24,27,368.9988186
25,27,359.4588247
26,27,530.1973272
28,27,930.0938006
29,27,705.5376997
30,27,419.7924977
31,27,266.0219221
32,27,290.8865199
33,27,2543.641659
34,27,1247.686003
35,27,1044.349015
36,27,392.881564
37,27,304.0394169
39,27,265.3465378
40,27,303.4318162
41,27,620.3370761
42,27,1032.202383
43,27,1240.365045
44,27,1365.908204
45,27,1279.102813
46,27,1195.947946
47,27,953.5557457
48,27,754.00261
49,27,567.6004008
50,27,383.1968417
51,27,196.6235301
52,27,202.8021242
53,27,966.1740274
54,27,676.4402599
55,27,272.0778712
56,27,200.3235902
57,27,246.5992213
58,27,532.4838782
59,27,642.7276278
60,27,630.2675993
61,27,544.7434889
62,27,532.2027665
63,27,284.9063966
64,27,155.3472903
65,27,176.7607977
66,27,407.4042541
67,27,494.9814971
68,27,235.967777
69,27,225.5457343
70,27,404.7552984
71,27,247.4874328
72,27,161.6751113
73,27,135.7209414
74,27,234.7526819
75,27,280.2124878
76,27,289.3278879
77,27,219.2218295
