2,1,4417.753593
3,1,3880.436537
4,1,Inf
5,1,5977.550334
6,1,6352.373787
7,1,Inf
8,1,9719.724187
9,1,7755.002193
10,1,7814.08205
11,1,10186.89532
12,1,9245.949205
13,1,9375.703816
14,1,9920.472121
15,1,11733.73135
16,1,14318.36273
17,1,20518.52319
18,1,11544.0156
19,1,10944.37355
20,1,11026.23954
21,1,13894.74046
22,1,14808.03182
23,1,16352.90497
24,1,18438.25259
25,1,13280.24531
26,1,12344.36834
27,1,12746.453
28,1,16246.07414
29,1,17014.9885
30,1,18900.91696
31,1,15329.18033
32,1,14930.08757
33,1,14514.36339
34,1,15915.25299
35,1,16707.77741
36,1,20386.67619
37,1,20672.53082
38,1,Inf
39,1,16639.26141
40,1,17163.33369
41,1,16258.718
42,1,15923.27345
43,1,16122.97595
44,1,16355.58652
45,1,16654.07561
46,1,16917.81489
47,1,17664.77623
48,1,18774.80641
49,1,20062.92806
50,1,20881.79664
51,1,19228.63833
52,1,18742.11475
53,1,17891.29901
54,1,19749.93108
55,1,22814.56883
56,1,19509.11294
57,1,19497.63649
58,1,19355.50928
59,1,19909.22042
60,1,20279.69006
61,1,21395.11624
62,1,21260.66345
63,1,23405.95693
64,1,22087.14831
65,1,21654.71102
66,1,21237.01986
67,1,21501.80824
68,1,23765.20889
69,1,22767.8116
70,1,22477.18446
71,1,25541.6415
72,1,26895.58598
73,1,27300.10986
74,1,24751.59633
75,1,24472.35306
76,1,24382.14519
77,1,25556.16492
78,1,26841.71868
79,1,26637.40248
80,1,27976.77108
81,1,26590.06579
82,1,26111.10988
83,1,26255.23523
84,1,26786.78327
85,1,27394.73712
86,1,27802.03791
87,1,28822.42303
88,1,29478.65599
89,1,27842.24375
90,1,27892.89679
91,1,27950.57219
92,1,28501.18221
93,1,28656.57495
94,1,29255.67097
95,1,30849.66667
96,1,30349.23337
97,1,Inf
1,2,4417.753593
3,2,7712.339295
4,2,Inf
5,2,2169.43905
6,2,2246.211263
7,2,Inf
8,2,6937.646313
9,2,5440.934758
10,2,5293.898633
11,2,8279.923342
12,2,7230.519311
13,2,7046.272487
14,2,7232.374587
15,2,8619.016078
16,2,11392.19584
17,2,17403.80791
18,2,9571.792102
19,2,8630.306113
20,2,8696.80821
21,2,11023.13668
22,2,11693.31654
23,2,13238.1897
24,2,15323.53732
25,2,11373.27334
26,2,10437.39636
27,2,10417.02167
28,2,13131.35887
29,2,13900.27323
30,2,15786.20168
31,2,13422.20835
32,2,13023.11559
33,2,12184.93206
34,2,13227.15546
35,2,14019.67987
36,2,17271.96092
37,2,17557.81555
38,2,Inf
39,2,14732.28944
40,2,15256.36171
41,2,13966.38415
42,2,13609.20601
43,2,13808.90852
44,2,14026.15519
45,2,14302.57451
46,2,14456.55296
47,2,14976.67869
48,2,16086.70888
49,2,17374.83052
50,2,17767.08136
51,2,17321.66635
52,2,16835.14277
53,2,15561.86768
54,2,17061.83355
55,2,20126.47129
56,2,17602.14096
57,2,17205.30263
58,2,17041.44185
59,2,17595.15298
60,2,17818.42813
61,2,18707.0187
62,2,18572.56591
63,2,20717.85939
64,2,20180.17634
65,2,19478.88198
66,2,18922.95242
67,2,19172.37691
68,2,21077.11136
69,2,20475.47774
70,2,20147.75313
71,2,23080.37957
72,2,24207.48845
73,2,24612.01232
74,2,22459.26248
75,2,22142.92173
76,2,22052.71386
77,2,23094.90299
78,2,24228.51267
79,2,23949.30494
80,2,25288.67355
81,2,24297.73194
82,2,23781.67855
83,2,23859.2597
84,2,24325.52134
85,2,24933.47519
86,2,25113.94038
87,2,26134.32549
88,2,26790.55846
89,2,25549.9099
90,2,25563.46546
91,2,25489.31026
92,2,26039.92028
93,2,26195.31302
94,2,26794.40904
95,2,28161.56913
96,2,27887.97144
97,2,Inf
1,3,3880.436537
2,3,7712.339295
4,3,Inf
5,3,8363.581252
6,3,9646.959489
7,3,Inf
8,3,13014.30989
9,3,10025.45427
10,3,10084.53412
11,3,12457.34739
12,3,11516.40128
13,3,11646.15589
14,3,12190.9242
15,3,14004.18343
16,3,16588.8148
17,3,22788.97526
18,3,13814.46768
19,3,13214.82562
20,3,13296.69161
21,3,16165.19253
22,3,17078.48389
23,3,18623.35705
24,3,20708.70467
25,3,15550.69739
26,3,14614.82041
27,3,15016.90507
28,3,18516.52622
29,3,19285.44058
30,3,21171.36903
31,3,17599.6324
32,3,17200.53964
33,3,16784.81546
34,3,18185.70507
35,3,18978.22948
36,3,22657.12826
37,3,22942.9829
38,3,Inf
39,3,18909.71349
40,3,19433.78577
41,3,18529.17008
42,3,18193.72552
43,3,18393.42803
44,3,18626.03859
45,3,18924.52769
46,3,19188.26696
47,3,19935.2283
48,3,21045.25849
49,3,22333.38013
50,3,23152.24871
51,3,21499.09041
52,3,21012.56682
53,3,20161.75109
54,3,22020.38316
55,3,25085.0209
56,3,21779.56501
57,3,21768.08856
58,3,21625.96136
59,3,22179.67249
60,3,22550.14214
61,3,23665.56831
62,3,23531.11552
63,3,25676.409
64,3,24357.60039
65,3,23925.16309
66,3,23507.47193
67,3,23772.26031
68,3,26035.66096
69,3,25038.26367
70,3,24747.63653
71,3,27812.09357
72,3,29166.03805
73,3,29570.56193
74,3,27022.04841
75,3,26742.80513
76,3,26652.59727
77,3,27826.617
78,3,29112.17076
79,3,28907.85455
80,3,30247.22316
81,3,28860.51787
82,3,28381.56196
83,3,28525.68731
84,3,29057.23534
85,3,29665.18919
86,3,30072.48999
87,3,31092.8751
88,3,31749.10807
89,3,30112.69583
90,3,30163.34886
91,3,30221.02427
92,3,30771.63429
93,3,30927.02702
94,3,31526.12305
95,3,33120.11874
96,3,32619.68545
97,3,Inf
1,4,Inf
2,4,Inf
3,4,Inf
5,4,Inf
6,4,Inf
7,4,Inf
8,4,Inf
9,4,Inf
10,4,Inf
11,4,Inf
12,4,Inf
13,4,Inf
14,4,Inf
15,4,Inf
16,4,Inf
17,4,Inf
18,4,Inf
19,4,Inf
20,4,Inf
21,4,Inf
22,4,Inf
23,4,Inf
24,4,Inf
25,4,Inf
26,4,Inf
27,4,Inf
28,4,Inf
29,4,Inf
30,4,Inf
31,4,Inf
32,4,Inf
33,4,Inf
34,4,Inf
35,4,Inf
36,4,Inf
37,4,Inf
38,4,Inf
39,4,Inf
40,4,Inf
41,4,Inf
42,4,Inf
43,4,Inf
44,4,Inf
45,4,Inf
46,4,Inf
47,4,Inf
48,4,Inf
49,4,Inf
50,4,Inf
51,4,Inf
52,4,Inf
53,4,Inf
54,4,Inf
55,4,Inf
56,4,Inf
57,4,Inf
58,4,Inf
59,4,Inf
60,4,Inf
61,4,Inf
62,4,Inf
63,4,Inf
64,4,Inf
65,4,Inf
66,4,Inf
67,4,Inf
68,4,Inf
69,4,Inf
70,4,Inf
71,4,Inf
72,4,Inf
73,4,Inf
74,4,Inf
75,4,Inf
76,4,Inf
77,4,Inf
78,4,Inf
79,4,Inf
80,4,Inf
81,4,Inf
82,4,Inf
83,4,Inf
84,4,Inf
85,4,Inf
86,4,Inf
87,4,Inf
88,4,Inf
89,4,Inf
90,4,Inf
91,4,Inf
92,4,Inf
93,4,Inf
94,4,Inf
95,4,Inf
96,4,Inf
97,4,Inf
1,5,5977.550334
2,5,2169.43905
3,5,8363.581252
4,5,Inf
6,5,2361.930635
7,5,Inf
8,5,8471.079574
9,5,3632.83327
10,5,3691.913126
11,5,6192.189476
12,5,5154.921335
13,5,5253.534893
14,5,5798.303198
15,5,7611.562429
16,5,10196.19381
17,5,16396.35426
18,5,7549.309759
19,5,6822.204625
20,5,6904.070615
21,5,9772.571534
22,5,10685.86289
23,5,12230.73605
24,5,14316.08367
25,5,9285.539469
26,5,8349.662494
27,5,8624.284077
28,5,12123.90522
29,5,12892.81958
30,5,14778.74803
31,5,11334.47448
32,5,10935.38172
33,5,10392.19446
34,5,11793.08407
35,5,12585.60848
36,5,16264.50727
37,5,16550.3619
38,5,Inf
39,5,12644.55557
40,5,13168.62785
41,5,12158.28266
42,5,11801.10452
43,5,12000.80703
44,5,12233.41759
45,5,12531.90669
46,5,12795.64597
47,5,13542.6073
48,5,14652.63749
49,5,15940.75914
50,5,16759.62771
51,5,15233.93249
52,5,14747.4089
53,5,13769.13009
54,5,15627.76216
55,5,18692.3999
56,5,15514.40709
57,5,15397.20115
58,5,15233.34036
59,5,15787.0515
60,5,16157.52114
61,5,17272.94731
62,5,17138.49452
63,5,19283.788
64,5,18092.44247
65,5,17660.00517
66,5,17114.85093
67,5,17379.63931
68,5,19643.03997
69,5,18667.37626
70,5,18355.01553
71,5,21419.47257
72,5,22773.41706
73,5,23177.94094
74,5,20651.16099
75,5,20350.18414
76,5,20259.97627
77,5,21433.996
78,5,22719.54976
79,5,22515.23355
80,5,23854.60216
81,5,22489.63045
82,5,21988.94096
83,5,22133.06631
84,5,22664.61434
85,5,23272.56819
86,5,23679.86899
87,5,24700.25411
88,5,25356.48707
89,5,23741.80841
90,5,23770.72786
91,5,23828.40327
92,5,24379.01329
93,5,24534.40603
94,5,25133.50205
95,5,26727.49774
96,5,26227.06445
97,5,Inf
1,6,6352.373787
2,6,2246.211263
3,6,9646.959489
4,6,Inf
5,6,2361.930635
7,6,Inf
8,6,8845.903026
9,6,3648.086605
10,6,3358.104427
11,6,7083.35127
12,6,5736.179911
13,6,5134.36136
14,6,5296.580381
15,6,6683.221872
16,6,9456.401635
17,6,15468.01371
18,6,7778.943948
19,6,6837.45796
20,6,6784.897083
21,6,9087.34247
22,6,9757.522338
23,6,11302.39549
24,6,13387.74311
25,6,10176.70126
26,6,9240.824288
27,6,8505.110544
28,6,11195.56466
29,6,11964.47902
30,6,13850.40748
31,6,12225.63628
32,6,11826.54352
33,6,10273.02093
34,6,11291.36125
35,6,12083.88567
36,6,15336.16671
37,6,15622.02134
38,6,Inf
39,6,13535.71736
40,6,13869.61824
41,6,12173.53599
42,6,11816.35786
43,6,12016.06037
44,6,12114.24406
45,6,12366.78031
46,6,12520.75875
47,6,13040.88449
48,6,14150.91467
49,6,15439.03632
50,6,15831.28716
51,6,16125.09428
52,6,15638.57069
53,6,13649.95655
54,6,15126.03934
55,6,18190.67709
56,6,16126.73614
57,6,15412.45448
58,6,15248.59369
59,6,15694.20552
60,6,15882.63393
61,6,16771.2245
62,6,16636.77171
63,6,18782.06519
64,6,18704.77151
65,6,17686.03383
66,6,17130.10427
67,6,17260.46578
68,6,19141.31715
69,6,18682.62959
70,6,18235.842
71,6,21144.58536
72,6,22271.69424
73,6,22676.21812
74,6,20666.41432
75,6,20231.0106
76,6,20140.80274
77,6,21159.10878
78,6,22292.71846
79,6,22013.51074
80,6,23352.87934
81,6,22504.88378
82,6,21869.76743
83,6,21923.4655
84,6,22389.72713
85,6,22997.68098
86,6,23178.14617
87,6,24198.53129
88,6,24854.76425
89,6,23691.52412
90,6,23651.55433
91,6,23553.51606
92,6,24104.12608
93,6,24259.51881
94,6,24858.61483
95,6,26225.77493
96,6,25952.17724
97,6,Inf
1,7,Inf
2,7,Inf
3,7,Inf
4,7,Inf
5,7,Inf
6,7,Inf
8,7,Inf
9,7,Inf
10,7,Inf
11,7,Inf
12,7,Inf
13,7,Inf
14,7,Inf
15,7,Inf
16,7,Inf
17,7,Inf
18,7,Inf
19,7,Inf
20,7,Inf
21,7,Inf
22,7,Inf
23,7,Inf
24,7,Inf
25,7,Inf
26,7,Inf
27,7,Inf
28,7,Inf
29,7,Inf
30,7,Inf
31,7,Inf
32,7,Inf
33,7,Inf
34,7,Inf
35,7,Inf
36,7,Inf
37,7,Inf
38,7,Inf
39,7,Inf
40,7,Inf
41,7,Inf
42,7,Inf
43,7,Inf
44,7,Inf
45,7,Inf
46,7,Inf
47,7,Inf
48,7,Inf
49,7,Inf
50,7,Inf
51,7,Inf
52,7,Inf
53,7,Inf
54,7,Inf
55,7,Inf
56,7,Inf
57,7,Inf
58,7,Inf
59,7,Inf
60,7,Inf
61,7,Inf
62,7,Inf
63,7,Inf
64,7,Inf
65,7,Inf
66,7,Inf
67,7,Inf
68,7,Inf
69,7,Inf
70,7,Inf
71,7,Inf
72,7,Inf
73,7,Inf
74,7,Inf
75,7,Inf
76,7,Inf
77,7,Inf
78,7,Inf
79,7,Inf
80,7,Inf
81,7,Inf
82,7,Inf
83,7,Inf
84,7,Inf
85,7,Inf
86,7,Inf
87,7,Inf
88,7,Inf
89,7,Inf
90,7,Inf
91,7,Inf
92,7,Inf
93,7,Inf
94,7,Inf
95,7,Inf
96,7,Inf
97,7,Inf
1,8,9719.724187
2,8,6937.646313
3,8,13014.30989
4,8,Inf
5,8,8471.079574
6,8,8845.903026
7,8,Inf
9,8,11760.85024
10,8,11767.56261
11,8,14581.56387
12,8,13532.15984
13,8,13366.18797
14,8,13706.03856
15,8,15092.68006
16,8,17865.85982
17,8,23877.47189
18,8,15891.70759
19,8,14950.2216
20,8,15016.72369
21,8,17496.80065
22,8,18166.98052
23,8,19711.85367
24,8,21797.2013
25,8,17674.91386
26,8,16739.03688
27,8,16736.93716
28,8,19605.02285
29,8,20373.9372
30,8,22259.86566
31,8,19723.84887
32,8,19324.75611
33,8,18504.84754
34,8,19700.81944
35,8,20493.34385
36,8,23745.62489
37,8,24031.47953
38,8,Inf
39,8,21033.92996
40,8,21558.00224
41,8,20286.29963
42,8,19929.12149
43,8,20128.824
44,8,20346.07067
45,8,20644.55977
46,8,20908.29904
47,8,21450.34267
48,8,22560.37286
49,8,23848.4945
50,8,24240.74534
51,8,23623.30688
52,8,23136.78329
53,8,21881.78317
54,8,23535.49753
55,8,26600.13527
56,8,23903.78148
57,8,23525.21812
58,8,23361.35733
59,8,23915.06847
60,8,24270.17422
61,8,25180.68268
62,8,25046.22989
63,8,27191.52337
64,8,26481.81686
65,8,25798.79747
66,8,25242.8679
67,8,25492.29239
68,8,27550.77533
69,8,26795.39323
70,8,26467.66861
71,8,29532.12565
72,8,30681.15242
73,8,31085.6763
74,8,28779.17796
75,8,28462.83722
76,8,28372.62935
77,8,29546.64908
78,8,30702.17665
79,8,30422.96892
80,8,31762.33753
81,8,30617.64742
82,8,30101.59404
83,8,30245.71939
84,8,30777.26742
85,8,31385.22127
86,8,31587.60435
87,8,32607.98947
88,8,33264.22244
89,8,31869.82538
90,8,31883.38094
91,8,31941.05635
92,8,32491.66637
93,8,32647.05911
94,8,33246.15513
95,8,34635.23311
96,8,34339.71753
97,8,Inf
1,9,7755.002193
2,9,5440.934758
3,9,10025.45427
4,9,Inf
5,9,3632.83327
6,9,3648.086605
7,9,Inf
8,9,11760.85024
10,9,1330.657412
11,9,4073.613732
12,9,2191.105641
13,9,2356.421327
14,9,3323.874762
15,9,5578.59011
16,9,7963.864752
17,9,14363.38195
18,9,4453.527243
19,9,3579.620552
20,9,3766.013369
21,9,7540.24248
22,9,8652.890576
23,9,10197.76373
24,9,12283.11135
25,9,7144.350353
26,9,5821.512936
27,9,5684.141771
28,9,10052.84167
29,9,10859.84726
30,9,12745.77572
31,9,9193.285367
32,9,8794.192608
33,9,7452.052159
34,9,8925.656094
35,9,9723.562562
36,9,14231.53495
37,9,14517.38958
38,9,Inf
39,9,10503.36645
40,9,10611.78083
41,9,8915.698586
42,9,8558.520449
43,9,8758.222958
44,9,9123.208933
45,9,9591.764383
46,9,9855.503659
47,9,10675.17933
48,9,11790.59157
49,9,13078.71321
50,9,14331.37921
51,9,13092.74337
52,9,12606.21978
53,9,10828.98778
54,9,12760.33418
55,9,15824.97193
56,9,12868.89873
57,9,12154.61707
58,9,11990.75629
59,9,12544.46742
60,9,13217.37883
61,9,14405.51934
62,9,14271.06655
63,9,16416.36003
64,9,15446.9341
65,9,14428.19642
66,9,13872.26686
67,9,14169.38304
68,9,16775.61199
69,9,15424.79218
70,9,15144.75926
71,9,18479.33027
72,9,19905.98908
73,9,20310.51296
74,9,17408.57692
75,9,17139.92786
76,9,17049.71999
77,9,18493.85369
78,9,19779.40745
79,9,19647.80558
80,9,20987.17418
81,9,19247.04638
82,9,18778.68469
83,9,18922.81003
84,9,19724.47204
85,9,20332.42589
86,9,20812.44101
87,9,21832.82613
88,9,22489.05909
89,9,20499.22433
90,9,20560.47159
91,9,20738.88044
92,9,21414.24427
93,9,21594.26372
94,9,22193.35974
95,9,23860.06976
96,9,23137.54162
97,9,Inf
1,10,7814.08205
2,10,5293.898633
3,10,10084.53412
4,10,Inf
5,10,3691.913126
6,10,3358.104427
7,10,Inf
8,10,11767.56261
9,10,1330.657412
11,10,4895.586093
12,10,3195.59721
13,10,1820.222057
14,10,2387.814915
15,10,4459.069993
16,10,6785.705522
17,10,13243.86183
18,10,4670.886767
19,10,3729.400779
20,10,3470.75778
21,10,6362.083251
22,10,7533.370459
23,10,9078.243613
24,10,11163.59123
25,10,7966.322713
26,10,6461.658042
27,10,5190.971241
28,10,8971.412784
29,10,9740.327142
30,10,11626.2556
31,10,10015.25773
32,10,9616.164969
33,10,6958.881629
34,10,8382.595788
35,10,9175.1202
36,10,13112.01483
37,10,13397.86946
38,10,Inf
39,10,11325.33881
40,10,10761.56105
41,10,9065.478812
42,10,8708.300675
43,10,8836.677584
44,10,8800.104757
45,10,9098.593853
46,10,9362.33313
47,10,10132.11902
48,10,11242.14921
49,10,12530.27085
50,10,13607.13528
51,10,13507.42212
52,10,13198.79673
53,10,10335.81725
54,10,12217.27388
55,10,15281.91162
56,10,13018.67896
57,10,12304.3973
58,10,12140.53651
59,10,12380.06622
60,10,12724.2083
61,10,13862.45903
62,10,13728.00624
63,10,15873.29972
64,10,15596.71433
65,10,14577.97665
66,10,13984.23249
67,10,13946.32648
68,10,16232.55168
69,10,15574.57241
70,10,14921.7027
71,10,17986.15974
72,10,19362.92877
73,10,19767.45265
74,10,17558.35714
75,10,16916.8713
76,10,16826.66343
77,10,18000.68316
78,10,19286.23692
79,10,19104.74527
80,10,20444.11388
81,10,19193.87606
82,10,18555.62812
83,10,18699.75347
84,10,19231.30151
85,10,19839.25536
86,10,20269.3807
87,10,21289.76582
88,10,21945.99879
89,10,20377.38481
90,10,20337.41503
91,10,20395.09043
92,10,20945.70045
93,10,21101.09319
94,10,21700.18921
95,10,23317.00946
96,10,22793.75161
97,10,Inf
1,11,10186.89532
2,11,8279.923342
3,11,12457.34739
4,11,Inf
5,11,6192.189476
6,11,7083.35127
7,11,Inf
8,11,14581.56387
9,11,4073.613732
10,11,4895.586093
12,11,1882.508091
13,11,4682.18146
14,11,5531.881226
15,11,8396.307421
16,11,9812.171099
17,11,16265.9129
18,11,3317.87995
19,11,3008.727399
20,11,4172.540073
21,11,8840.658455
22,11,10435.73458
23,11,12209.87175
24,11,14185.64231
25,11,4305.571363
26,11,3772.173378
27,11,6208.447209
28,11,11033.25988
29,11,12762.37822
30,11,14486.59011
31,11,6354.506377
32,11,5955.413618
33,11,7710.44132
34,11,9906.074302
35,11,10703.98077
36,11,15361.51648
37,11,16133.77071
38,11,Inf
39,11,7664.587463
40,11,8591.138732
41,11,7686.523042
42,11,7534.195993
43,11,8355.661623
44,11,8720.647598
45,11,9754.867337
46,11,10430.44503
47,11,11655.59753
48,11,12771.00978
49,11,14059.13142
50,11,15311.79742
51,11,10253.96438
52,11,9767.440795
53,11,10496.06928
54,11,13740.75239
55,11,16805.39014
56,11,10534.43899
57,11,10925.44153
58,11,11078.78708
59,11,11903.51402
60,11,13337.71537
61,11,15001.86848
62,11,14969.27917
63,11,17396.77823
64,11,13112.47436
65,11,12680.03707
66,11,13108.788
67,11,13766.8217
68,11,17530.0667
69,11,14195.61664
70,11,14742.19792
71,11,18595.84596
72,11,20660.44379
73,11,21064.96767
74,11,16179.40137
75,11,16519.85047
76,11,16647.15866
77,11,18470.98778
78,11,19895.92315
79,11,20402.26029
80,11,21741.6289
81,11,18017.87083
82,11,17702.22638
83,11,18520.2487
84,11,19636.70506
85,11,20309.55998
86,11,21566.89573
87,11,22587.28084
88,11,23243.51381
89,11,19270.04879
90,11,19480.4004
91,11,20336.3191
92,11,21011.68294
93,11,21571.39781
94,11,22170.49383
95,11,24614.52448
96,11,22734.98028
97,11,Inf
1,12,9245.949205
2,12,7230.519311
3,12,11516.40128
4,12,Inf
5,12,5154.921335
6,12,5736.179911
7,12,Inf
8,12,13532.15984
9,12,2191.105641
10,12,3195.59721
11,12,1882.508091
13,12,3024.795983
14,12,4249.704131
15,12,7292.890022
16,12,8868.949691
17,12,15322.69149
18,12,2518.076125
19,12,2065.505992
20,12,3229.318665
21,12,7897.437047
22,12,9492.513177
23,12,11266.65034
24,12,13242.4209
25,12,4953.244711
26,12,3630.407294
27,12,5265.225801
28,12,10090.03847
29,12,11819.15681
30,12,13543.3687
31,12,7002.179726
32,12,6603.086967
33,12,6767.219913
34,12,8962.852895
35,12,9760.759363
36,12,14418.29507
37,12,15190.54931
38,12,Inf
39,12,8312.260812
40,12,8449.372648
41,12,7401.584025
42,12,7199.356901
43,12,7412.440216
44,12,7777.426191
45,12,8811.64593
46,12,9487.223619
47,12,10712.37613
48,12,11827.78837
49,12,13115.91002
50,12,14368.57601
51,12,10901.63773
52,12,10415.11414
53,12,9552.84787
54,12,12797.53098
55,12,15862.16873
56,12,10815.61195
57,12,10640.50251
58,12,10644.97354
59,12,11198.68468
60,12,12394.49396
61,12,14058.64708
62,12,14026.05776
63,12,16453.55683
64,12,13393.64733
65,12,12914.08186
66,12,12526.48412
67,12,12823.6003
68,12,16586.8453
69,12,13910.67762
70,12,13798.97652
71,12,17652.62456
72,12,19717.22239
73,12,20121.74627
74,12,15894.46236
75,12,15794.14512
76,12,15703.93725
77,12,17527.76638
78,12,18952.70174
79,12,19459.03888
80,12,20798.40749
81,12,17732.93182
82,12,17417.28737
83,12,17577.02729
84,12,18693.48366
85,12,19366.33857
86,12,20623.67432
87,12,21644.05944
88,12,22300.2924
89,12,18985.10977
90,12,19195.46138
91,12,19393.0977
92,12,20068.46153
93,12,20628.1764
94,12,21227.27243
95,12,23671.30307
96,12,21791.75887
97,12,Inf
1,13,9375.703816
2,13,7046.272487
3,13,11646.15589
4,13,Inf
5,13,5253.534893
6,13,5134.36136
7,13,Inf
8,13,13366.18797
9,13,2356.421327
10,13,1820.222057
11,13,4682.18146
12,13,3024.795983
14,13,1417.947637
15,13,4663.783739
16,13,6079.647417
17,13,12844.24961
18,13,3438.994993
19,13,2337.232792
20,13,1793.236685
21,13,5656.025146
22,13,7133.758236
23,13,8678.631389
24,13,10763.97901
25,13,7641.378381
26,13,5229.766268
27,13,3655.236617
28,13,8023.936516
29,13,9340.714919
30,13,11226.64338
31,13,9690.313395
32,13,9000.01326
33,13,5423.147005
34,13,6896.75094
35,13,7694.657409
36,13,12352.19312
37,13,12998.25724
38,13,Inf
39,13,10448.91697
40,13,9210.837942
41,13,7514.7557
42,13,7062.539019
43,13,7173.321098
44,13,7174.139394
45,13,7562.85923
46,13,7826.598506
47,13,8646.274172
48,13,9761.686415
49,13,11049.80806
50,13,12302.47406
51,13,11956.699
52,13,11648.07362
53,13,8800.082628
54,13,10731.42903
55,13,13796.06677
56,13,11467.95584
57,13,10753.67419
58,13,10494.77486
59,13,10761.60866
60,13,11188.47368
61,13,12376.61418
62,13,12242.16139
63,13,14387.45487
64,13,14045.99122
65,13,13027.25354
66,13,12345.03725
67,13,12386.52428
68,13,14746.70684
69,13,14023.8493
70,13,13361.9005
71,13,16450.42512
72,13,17877.08393
73,13,18281.6078
74,13,16007.63403
75,13,15357.0691
76,13,15266.86123
77,13,16464.94854
78,13,17750.5023
79,13,17618.90042
80,13,18958.26903
81,13,17634.07386
82,13,16995.82592
83,13,17139.95127
84,13,17695.56689
85,13,18303.52074
86,13,18783.53586
87,13,19803.92097
88,13,20460.15394
89,13,18817.58261
90,13,18777.61283
91,13,18859.35581
92,13,19409.96583
93,13,19565.35857
94,13,20164.45459
95,13,21831.16461
96,13,21258.01699
97,13,Inf
1,14,9920.472121
2,14,7232.374587
3,14,12190.9242
4,14,Inf
5,14,5798.303198
6,14,5296.580381
7,14,Inf
8,14,13706.03856
9,14,3323.874762
10,14,2387.814915
11,14,5531.881226
12,14,4249.704131
13,14,1417.947637
15,14,3379.053509
16,14,4794.917187
17,14,11559.51937
18,14,4049.381881
19,14,2861.366015
20,14,2173.215657
21,14,4371.294915
22,14,5849.028005
23,14,7393.901159
24,14,9479.24878
25,14,8340.277612
26,14,5840.153156
27,14,3751.306357
28,14,7037.864102
29,14,8055.984689
30,14,9941.913146
31,14,10389.21263
32,14,9610.400148
33,14,5397.275659
34,14,6194.848149
35,14,6992.754617
36,14,11427.67238
37,14,11713.52701
38,14,Inf
39,14,10973.0502
40,14,9734.971165
41,14,8038.888922
42,14,7500.866867
43,14,7397.0127
44,14,7360.439874
45,14,7245.649045
46,14,7399.627489
47,14,7944.371381
48,14,9059.783623
49,14,10347.90527
50,14,11600.57127
51,14,12480.83223
52,14,12172.20684
53,14,8625.749587
54,14,10029.52624
55,14,13094.16398
56,14,11992.08907
57,14,11277.80741
58,14,10841.37059
59,14,10669.99856
60,14,10761.50266
61,14,11674.71139
62,14,11540.2586
63,14,13685.55208
64,14,14570.12444
65,14,13551.38676
66,14,12446.5518
67,14,12236.25881
68,14,14044.80404
69,14,14538.9255
70,14,13211.63503
71,14,16023.4541
72,14,17175.18113
73,14,17579.70501
74,14,15892.63118
75,14,15206.80364
76,14,15116.59577
77,14,16037.97752
78,14,17196.20536
79,14,16916.99763
80,14,18256.36624
81,14,17483.8084
82,14,16845.56046
83,14,16802.33423
84,14,17268.59587
85,14,17876.54972
86,14,18081.63307
87,14,19102.01818
88,14,19758.25115
89,14,18667.31715
90,14,18627.34736
91,14,18432.38479
92,14,18982.99481
93,14,19138.38755
94,14,19737.48357
95,14,21129.26182
96,14,20831.04597
97,14,Inf
1,15,11733.73135
2,15,8619.016078
3,15,14004.18343
4,15,Inf
5,15,7611.562429
6,15,6683.221872
7,15,Inf
8,15,15092.68006
9,15,5578.59011
10,15,4459.069993
11,15,8396.307421
12,15,7292.890022
13,15,4663.783739
14,15,3379.053509
16,15,3643.974545
17,15,10099.82843
18,15,6708.677162
19,15,5444.690915
20,15,4589.809776
21,15,3254.340519
22,15,4389.337061
23,15,5934.210214
24,15,8019.557835
25,15,10999.57289
26,15,8499.448437
27,15,4685.79939
28,15,5827.379386
29,15,6596.293744
30,15,8482.222201
31,15,13048.50791
32,15,12269.69543
33,15,5859.616647
34,15,6222.277065
35,15,6702.567824
36,15,9967.981432
37,15,10253.83607
38,15,Inf
39,15,12584.03346
40,15,11345.95443
41,15,9285.798703
42,15,8449.527456
43,15,8345.673289
44,15,7973.787051
45,15,7707.990033
46,15,7677.878006
47,15,7876.843156
48,15,8769.59683
49,15,10057.71848
50,15,10463.10188
51,15,14091.81549
52,15,13783.19011
53,15,9088.090576
54,15,9961.998013
55,15,13026.63576
56,15,13603.07233
57,15,12518.36855
58,15,11790.03118
59,15,11132.33954
60,15,11055.13887
61,15,11607.18317
62,15,11472.73038
63,15,13618.02386
64,15,16181.10771
65,15,14791.9479
66,15,12908.89279
67,15,12698.5998
68,15,13977.27582
69,15,15020.46994
70,15,13673.97602
71,15,16295.72174
72,15,17107.65291
73,15,17512.17679
74,15,16354.97217
75,15,15669.14462
76,15,15578.93676
77,15,16317.67916
78,15,17128.67713
79,15,16849.46941
80,15,18188.83801
81,15,17946.14938
82,15,17307.90145
83,15,17253.75698
84,15,17548.2975
85,15,18156.25135
86,15,18014.10484
87,15,19034.48996
88,15,19690.72292
89,15,19129.65814
90,15,19089.68835
91,15,18724.52599
92,15,19262.69645
93,15,19418.08918
94,15,20017.18521
95,15,21061.7336
96,15,21123.18717
97,15,Inf
1,16,14318.36273
2,16,11392.19584
3,16,16588.8148
4,16,Inf
5,16,10196.19381
6,16,9456.401635
7,16,Inf
8,16,17865.85982
9,16,7963.864752
10,16,6785.705522
11,16,9812.171099
12,16,8868.949691
13,16,6079.647417
14,16,4794.917187
15,16,3643.974545
17,16,7495.355585
18,16,8124.54084
19,16,6860.554593
20,16,6005.673454
21,16,2016.611029
22,16,1665.177268
23,16,3328.147077
24,16,5415.08499
25,16,12415.43657
26,16,9915.312115
27,16,5806.911585
28,16,3371.452752
29,16,3991.820899
30,16,5877.749356
31,16,14464.37159
32,16,13685.55911
33,16,6169.616352
34,16,5345.527092
35,16,5051.596985
36,16,7363.508587
37,16,7649.363221
38,16,Inf
39,16,13698.98595
40,16,12662.34467
41,16,10353.58584
42,16,9279.327144
43,16,8766.480357
44,16,8144.794811
45,16,7527.915773
46,16,7176.035766
47,16,6564.694455
48,16,7027.816035
49,16,7913.783828
50,16,7858.629034
51,16,15185.25936
52,16,14876.63397
53,16,9178.00969
54,16,8462.225061
55,16,10514.768
56,16,14354.83386
57,16,13242.95104
58,16,12165.96051
59,16,11246.35755
60,16,10354.43921
61,16,10295.03446
62,16,10135.94914
63,16,11817.67495
64,16,17015.64356
65,16,15516.53039
66,16,13022.9108
67,16,12575.4664
68,16,12640.49458
69,16,15134.48795
70,16,13523.34467
71,16,15040.2505
72,16,15770.87167
73,16,16175.39555
74,16,16326.60691
75,16,15640.77937
76,16,15428.30541
77,16,15400.43306
78,16,15791.8959
79,16,15512.68817
80,16,16852.05677
81,16,17917.78413
82,16,17279.53619
83,16,16553.05732
84,16,16644.75647
85,16,17239.00526
86,16,16677.3236
87,16,17697.70872
88,16,18353.94168
89,16,19101.29288
90,16,19061.32309
91,16,18023.82633
92,16,18359.15542
93,16,18500.84309
94,16,19099.93911
95,16,19724.95236
96,16,20297.09347
97,16,Inf
1,17,20518.52319
2,17,17403.80791
3,17,22788.97526
4,17,Inf
5,17,16396.35426
6,17,15468.01371
7,17,Inf
8,17,23877.47189
9,17,14363.38195
10,17,13243.86183
11,17,16265.9129
12,17,15322.69149
13,17,12844.24961
14,17,11559.51937
15,17,10099.82843
16,17,7495.355585
18,17,14578.28264
19,17,13314.2964
20,17,12459.41526
21,17,7567.461126
22,17,5898.837365
23,17,5523.25714
24,17,2243.615393
25,17,18869.17837
26,17,16369.05392
27,17,11711.21857
28,17,6019.539451
29,17,4908.729269
30,17,3677.169211
31,17,19855.09659
32,17,19003.33315
33,17,10440.54699
34,17,7692.159197
35,17,7240.203712
36,17,5652.092376
37,17,5174.065048
38,17,Inf
39,17,18010.0892
40,17,16973.44791
41,17,14664.68909
42,17,13590.43039
43,17,12879.08754
44,17,11959.35705
45,17,10626.39535
46,17,9683.9251
47,17,8334.795122
48,17,8096.274252
49,17,7569.487316
50,17,7149.178275
51,17,19496.3626
52,17,19187.73722
53,17,12528.03165
54,17,9362.31794
55,17,8733.387254
56,17,18665.9371
57,17,17554.05428
58,17,15574.77791
59,17,14284.49053
60,17,12667.64638
61,17,11535.18916
62,17,10554.3959
63,17,10584.69049
64,17,21326.74681
65,17,19827.63363
66,17,16061.04378
67,17,14977.56783
68,17,12453.55688
69,17,18172.62093
70,17,15925.44611
71,17,15652.02191
72,17,15638.46809
73,17,16223.85854
74,17,18866.20504
75,17,18180.3775
76,17,17830.40684
77,17,16605.76532
78,17,15921.40419
79,17,15642.19646
80,17,16981.56507
81,17,20457.38226
82,17,19819.13432
83,17,18866.26449
84,17,18225.76289
85,17,17513.34469
86,17,16806.8319
87,17,17827.21701
88,17,18483.44998
89,17,21640.89101
90,17,21600.92122
91,17,20252.59258
92,17,19702.72469
93,17,19401.70728
94,17,19444.01759
95,17,19854.46065
96,17,21006.21462
97,17,Inf
1,18,11544.0156
2,18,9571.792102
3,18,13814.46768
4,18,Inf
5,18,7549.309759
6,18,7778.943948
7,18,Inf
8,18,15891.70759
9,18,4453.527243
10,18,4670.886767
11,18,3317.87995
12,18,2518.076125
13,18,3438.994993
14,18,4049.381881
15,18,6708.677162
16,18,8124.54084
17,18,14578.28264
19,18,1428.4629
20,18,2491.976029
21,18,7153.028196
22,18,8748.104326
23,18,10522.24149
24,18,12498.01205
25,18,4846.166853
26,18,2357.65297
27,18,4370.762584
28,18,9345.629619
29,18,11074.74796
30,18,12798.95985
31,18,6895.101867
32,18,6127.899962
33,18,5736.147836
34,18,8218.444044
35,18,9016.350512
36,18,13673.88622
37,18,14446.14046
38,18,Inf
39,18,7837.073806
40,18,6792.400463
41,18,5517.02644
42,18,5331.704453
43,18,6093.26549
44,18,6598.378131
45,18,7632.59787
46,18,8456.151543
47,18,9799.453088
48,18,11083.37952
49,18,12371.50116
50,18,13624.16716
51,18,9646.887262
52,18,9338.261877
53,18,8373.799811
54,18,11884.60794
55,18,14949.24569
56,18,9158.639768
57,18,8755.944926
58,18,8876.295544
59,18,9701.022483
60,18,11215.4459
61,18,13027.575
62,18,12994.98569
63,18,15540.63379
64,18,11736.67514
65,18,11029.52427
66,18,10906.29646
67,18,11644.55224
68,18,15555.77322
69,18,12026.12004
70,18,12619.92846
71,18,16473.5765
72,18,18686.15031
73,18,19090.67419
74,18,14009.90477
75,18,14350.35387
76,18,14524.88919
77,18,16348.71832
78,18,17773.65368
79,18,18427.96681
80,18,19767.33541
81,18,15848.37423
82,18,15532.72978
83,18,16397.97923
84,18,17514.4356
85,18,18187.29051
86,18,19592.60224
87,18,20612.98736
88,18,21269.22032
89,18,17100.55219
90,18,17310.9038
91,18,18214.04964
92,18,18889.41347
93,18,19449.12835
94,18,20048.22437
95,18,22640.231
96,18,20612.71082
97,18,Inf
1,19,10944.37355
2,19,8630.306113
3,19,13214.82562
4,19,Inf
5,19,6822.204625
6,19,6837.45796
7,19,Inf
8,19,14950.2216
9,19,3579.620552
10,19,3729.400779
11,19,3008.727399
12,19,2065.505992
13,19,2337.232792
14,19,2861.366015
15,19,5444.690915
16,19,6860.554593
17,19,13314.2964
18,19,1428.4629
20,19,1227.989782
21,19,5889.041949
22,19,7484.118079
23,19,9258.255241
24,19,11234.0258
25,19,5719.35863
26,19,3219.234174
27,19,3256.830703
28,19,8081.643372
29,19,9810.761711
30,19,11534.9736
31,19,7768.293645
32,19,6989.481166
33,19,4701.713921
34,19,6954.457796
35,19,7752.364265
36,19,12409.89998
37,19,13182.15421
38,19,Inf
39,19,8432.581297
40,19,7194.502266
41,19,5498.420024
42,19,5147.231715
43,19,5346.934224
44,19,5711.920199
45,19,6746.139938
46,19,7421.717628
47,19,8703.981028
48,19,9819.393271
49,19,11107.51492
50,19,12360.18092
51,19,9940.363329
52,19,9631.737943
53,19,7487.341879
54,19,10789.13588
55,19,13853.77363
56,19,9451.620167
57,19,8737.33851
58,19,8579.467552
59,19,9133.178688
60,19,10328.98797
61,19,11993.14109
62,19,11960.55177
63,19,14445.16173
64,19,12029.65554
65,19,11010.91786
66,19,10460.97813
67,19,10758.09431
68,19,14521.33931
69,19,12007.51362
70,19,11733.47052
71,19,15587.11857
72,19,17651.7164
73,19,18056.24027
74,19,13991.29835
75,19,13728.63913
76,19,13638.43126
77,19,15462.26038
78,19,16887.19575
79,19,17393.53289
80,19,18732.9015
81,19,15829.76781
82,19,15367.39595
83,19,15511.5213
84,19,16627.97766
85,19,17300.83258
86,19,18558.16833
87,19,19578.55344
88,19,20234.78641
89,19,17081.94577
90,19,17149.18285
91,19,17327.5917
92,19,18002.95554
93,19,18562.67041
94,19,19161.76643
95,19,21605.79708
96,19,19726.25288
97,19,Inf
1,20,11026.23954
2,20,8696.80821
3,20,13296.69161
4,20,Inf
5,20,6904.070615
6,20,6784.897083
7,20,Inf
8,20,15016.72369
9,20,3766.013369
10,20,3470.75778
11,20,4172.540073
12,20,3229.318665
13,20,1793.236685
14,20,2173.215657
15,20,4589.809776
16,20,6005.673454
17,20,12459.41526
18,20,2491.976029
19,20,1227.989782
21,20,5034.16081
22,20,6629.236941
23,20,8403.374102
24,20,10379.14466
25,20,6782.87176
26,20,4282.747304
27,20,2401.949564
28,20,7226.762233
29,20,8955.880572
30,20,10680.09246
31,20,8831.806774
32,20,8052.994295
33,20,4001.263882
34,20,6099.576658
35,20,6897.483126
36,20,11555.01884
37,20,12327.27307
38,20,Inf
39,20,8873.092102
40,20,7635.013071
41,20,5938.930829
42,20,5486.714148
43,20,5501.156334
44,20,5546.202148
45,20,6140.976106
46,20,6660.304995
47,20,7849.09989
48,20,8964.512132
49,20,10252.63378
50,20,11505.29978
51,20,10380.87413
52,20,10072.24875
53,20,7378.199504
54,20,9934.254746
55,20,12998.89249
56,20,9892.130972
57,20,9177.849315
58,20,8918.949984
59,20,9097.912329
60,20,9886.699857
61,20,11231.72845
62,20,11199.13914
63,20,13590.28059
64,20,12470.16635
65,20,11451.42866
66,20,10681.34092
67,20,10722.82795
68,20,13759.92667
69,20,12448.02443
70,20,11698.20417
71,20,15176.30955
72,20,16890.30376
73,20,17294.82764
74,20,14379.20031
75,20,13693.37277
76,20,13603.1649
77,20,15163.17471
78,20,16476.38674
79,20,16632.12026
80,20,17971.48887
81,20,15970.37753
82,20,15332.12959
83,20,15476.25494
84,20,16393.79306
85,20,17001.74691
86,20,17796.75569
87,20,18817.14081
88,20,19473.37378
89,20,17153.88628
90,20,17113.91649
91,20,17292.32534
92,20,17967.68918
93,20,18263.58474
94,20,18862.68076
95,20,20844.38445
96,20,19690.98652
97,20,Inf
1,21,13894.74046
2,21,11023.13668
3,21,16165.19253
4,21,Inf
5,21,9772.571534
6,21,9087.34247
7,21,Inf
8,21,17496.80065
9,21,7540.24248
10,21,6362.083251
11,21,8840.658455
12,21,7897.437047
13,21,5656.025146
14,21,4371.294915
15,21,3254.340519
16,21,2016.611029
17,21,7567.461126
18,21,7153.028196
19,21,5889.041949
20,21,5034.16081
22,21,1737.282808
23,21,3477.965694
24,21,5487.190531
25,21,11443.92393
26,21,8943.799471
27,21,4527.967502
28,21,2704.453512
29,21,4063.92644
30,21,5949.854897
31,21,13492.85894
32,21,12714.04646
33,21,4553.103892
34,21,3741.940334
35,21,4149.036755
36,21,7435.614128
37,21,7721.468762
38,21,Inf
39,21,12122.64609
40,21,11086.0048
41,21,8777.245983
42,21,7702.987282
43,21,7149.967897
44,21,6424.124433
45,21,5668.793311
46,21,5342.337678
47,21,5323.312087
48,21,6216.065762
49,21,7224.625941
50,21,7909.39752
51,21,13608.9195
52,21,13300.29411
53,21,7350.151688
54,21,7408.466944
55,21,10473.10469
56,21,12778.494
57,21,11666.61117
58,21,10445.29013
59,21,9418.499547
60,21,8661.934709
61,21,9053.652097
62,21,8919.199308
63,21,11064.49279
64,21,15439.3037
65,21,13940.19052
66,21,11195.0528
67,21,10811.11208
68,21,11423.74475
69,21,13306.62995
70,21,11785.083
71,21,13750.01796
72,21,14554.12184
73,21,14958.64572
74,21,14467.48445
75,21,13781.6569
76,21,13690.04373
77,21,13924.475
78,21,14575.14607
79,21,14295.93834
80,21,15635.30695
81,21,16058.66166
82,21,15420.41373
83,21,14860.55282
84,21,15155.09334
85,21,15763.04719
86,21,15460.57377
87,21,16480.95889
88,21,17137.19185
89,21,17242.17042
90,21,17202.20063
91,21,16331.32183
92,21,16869.49229
93,21,17024.88502
94,21,17623.98105
95,21,18508.20253
96,21,18729.98301
97,21,Inf
1,22,14808.03182
2,22,11693.31654
3,22,17078.48389
4,22,Inf
5,22,10685.86289
6,22,9757.522338
7,22,Inf
8,22,18166.98052
9,22,8652.890576
10,22,7533.370459
11,22,10435.73458
12,22,9492.513177
13,22,7133.758236
14,22,5849.028005
15,22,4389.337061
16,22,1665.177268
17,22,5898.837365
18,22,8748.104326
19,22,7484.118079
20,22,6629.236941
21,22,1737.282808
23,22,2050.5233
24,22,3818.56677
25,22,13039.00006
26,22,10538.8756
27,22,6123.043632
28,22,1822.535385
29,22,2395.302679
30,22,4281.231136
31,22,15087.93507
32,22,14309.12259
33,22,6148.180022
34,22,4100.62869
35,22,3763.633648
36,22,5766.990367
37,22,6052.845001
38,22,Inf
39,22,13717.72222
40,22,12681.08094
41,22,10372.32211
42,22,9298.063412
43,22,8745.044027
44,22,7868.787232
45,22,6826.191494
46,22,6092.394593
47,22,5231.016511
48,22,5478.898667
49,22,6364.866461
50,22,6262.110813
51,22,15203.99563
52,22,14895.37024
53,22,8684.875793
54,22,6913.307693
55,22,8918.249781
56,22,14373.57013
57,22,13261.6873
58,22,11872.59211
59,22,10582.30473
60,22,9109.540807
61,22,8965.520169
62,22,8587.03177
63,22,10268.75758
64,22,17034.37983
65,22,15535.26665
66,22,12358.85798
67,22,11386.03733
68,22,11091.57721
69,22,14470.43513
70,22,12333.9156
71,22,13752.28716
72,22,14221.9543
73,22,14626.47818
74,22,15274.67453
75,22,14588.84699
76,22,14238.87634
77,22,14112.46972
78,22,14242.97853
79,22,13963.7708
80,22,15303.13941
81,22,16865.85175
82,22,16227.60382
83,22,15308.15892
84,22,15356.79313
85,22,15834.91903
86,22,15128.40623
87,22,16148.79135
88,22,16805.02432
89,22,18049.36051
90,22,18009.39072
91,22,16778.92793
92,22,17071.19208
93,22,17212.87975
94,22,17765.59193
95,22,18176.03499
96,22,19009.13013
97,22,Inf
1,23,16352.90497
2,23,13238.1897
3,23,18623.35705
4,23,Inf
5,23,12230.73605
6,23,11302.39549
7,23,Inf
8,23,19711.85367
9,23,10197.76373
10,23,9078.243613
11,23,12209.87175
12,23,11266.65034
13,23,8678.631389
14,23,7393.901159
15,23,5934.210214
16,23,3328.147077
17,23,5523.25714
18,23,10522.24149
19,23,9258.255241
20,23,8403.374102
21,23,3477.965694
22,23,2050.5233
24,23,3442.986545
25,23,14813.13722
26,23,12313.01276
27,23,7897.180794
28,23,2575.682959
29,23,2104.333243
30,23,3990.2617
31,23,16691.90204
32,23,15840.13861
33,23,7277.352453
34,23,4818.867091
35,23,4366.911606
36,23,5476.020931
37,23,5761.875565
38,23,Inf
39,23,14846.89465
40,23,13810.25337
41,23,11501.49454
42,23,10427.23584
43,23,9715.893
44,23,8796.162511
45,23,7753.103246
46,23,6810.632994
47,23,5646.811925
48,23,5660.675165
49,23,6159.459539
50,23,5971.141378
51,23,16333.16806
52,23,16024.54267
53,23,9612.251073
54,23,7095.084191
55,23,8627.280345
56,23,15502.74256
57,23,14390.85974
58,23,12701.48581
59,23,11411.19842
60,23,9794.354275
61,23,9341.078411
62,23,8768.808268
63,23,10004.58179
64,23,18163.55226
65,23,16664.43908
66,23,13187.75167
67,23,12104.27573
68,23,11273.35371
69,23,15299.32882
70,23,13052.154
71,23,14155.37275
72,23,14403.7308
73,23,14808.25468
74,23,15992.91294
75,23,15307.08539
76,23,14957.11474
77,23,14715.74768
78,23,14424.75503
79,23,14145.5473
80,23,15484.9159
81,23,17584.09015
82,23,16945.84222
83,23,15992.97239
84,23,15960.07109
85,23,16016.69552
86,23,15310.18273
87,23,16330.56785
88,23,16986.80081
89,23,18767.59891
90,23,18727.62912
91,23,17463.7414
92,23,17674.47004
93,23,17816.15771
94,23,17947.36843
95,23,18357.81149
96,23,19509.56546
97,23,Inf
1,24,18438.25259
2,24,15323.53732
3,24,20708.70467
4,24,Inf
5,24,14316.08367
6,24,13387.74311
7,24,Inf
8,24,21797.2013
9,24,12283.11135
10,24,11163.59123
11,24,14185.64231
12,24,13242.4209
13,24,10763.97901
14,24,9479.24878
15,24,8019.557835
16,24,5415.08499
17,24,2243.615393
18,24,12498.01205
19,24,11234.0258
20,24,10379.14466
21,24,5487.190531
22,24,3818.56677
23,24,3442.986545
25,24,16788.90778
26,24,14288.78332
27,24,9630.947975
28,24,3939.268856
29,24,2828.458674
30,24,1871.584972
31,24,17774.82599
32,24,16923.06255
33,24,8360.2764
34,24,5611.888602
35,24,5159.933117
36,24,3869.018673
37,24,3566.017376
38,24,Inf
39,24,15929.8186
40,24,14893.17731
41,24,12584.41849
42,24,11510.15979
43,24,10798.81695
44,24,9879.086458
45,24,8546.124757
46,24,7603.654505
47,24,6254.524528
48,24,6221.778179
49,24,5786.413613
50,24,5366.104572
51,24,17416.09201
52,24,17107.46662
53,24,10447.76105
54,24,7556.733701
55,24,6950.313551
56,24,16585.66651
57,24,15473.78368
58,24,13494.50732
59,24,12204.21993
60,24,10587.37579
61,24,9752.11546
62,24,8771.322199
63,24,8801.616783
64,24,19246.47621
65,24,17747.36303
66,24,13980.77318
67,24,12897.29724
68,24,10670.48318
69,24,16092.35033
70,24,13845.17551
71,24,13868.94821
72,24,13855.39439
73,24,14440.78484
74,24,16785.93445
75,24,16100.1069
76,24,15750.13625
77,24,14822.69162
78,24,14138.33049
79,24,13859.12276
80,24,15198.49137
81,24,18377.11166
82,24,17738.86373
83,24,16785.9939
84,24,16442.68918
85,24,15730.27098
86,24,15023.75819
87,24,16044.14331
88,24,16700.37627
89,24,19560.62042
90,24,19520.65063
91,24,18256.76291
92,24,17919.65098
93,24,17618.63358
94,24,17660.94389
95,24,18071.38695
96,24,19223.14092
97,24,Inf
1,25,13280.24531
2,25,11373.27334
3,25,15550.69739
4,25,Inf
5,25,9285.539469
6,25,10176.70126
7,25,Inf
8,25,17674.91386
9,25,7144.350353
10,25,7966.322713
11,25,4305.571363
12,25,4953.244711
13,25,7641.378381
14,25,8340.277612
15,25,10999.57289
16,25,12415.43657
17,25,18869.17837
18,25,4846.166853
19,25,5719.35863
20,25,6782.87176
21,25,11443.92393
22,25,13039.00006
23,25,14813.13722
24,25,16788.90778
26,25,4688.757089
27,25,8661.658314
28,25,13636.52535
29,25,15365.64369
30,25,17089.85558
31,25,2165.619151
32,25,2052.508954
33,25,10027.04357
34,25,12509.33977
35,25,13307.24624
36,25,17964.78195
37,25,18737.03619
38,25,Inf
39,25,3454.58934
40,25,6123.27772
41,25,6937.5967
42,25,8172.476018
43,25,9578.591771
44,25,10618.60223
45,25,11892.98827
46,25,12747.04727
47,25,14090.34882
48,25,15374.27525
49,25,16662.3969
50,25,17915.06289
51,25,6043.966259
52,25,5557.442672
53,25,12394.02391
54,25,16175.50368
55,25,19240.14142
56,25,6631.534324
57,25,7967.077523
58,25,9438.71772
59,25,11112.87177
60,25,15160.3851
61,25,17318.47073
62,25,17285.88142
63,25,19831.52952
64,25,8907.416892
65,25,8777.132404
66,25,11359.45854
67,25,13296.17593
68,25,19846.66895
69,25,11922.68632
70,25,13804.3783
71,25,19511.13957
72,25,22977.04604
73,25,23381.56992
74,25,13906.47105
75,25,14246.92015
76,25,15512.68623
77,25,19386.28139
78,25,20811.21676
79,25,22718.86254
80,25,24058.23114
81,25,15744.94051
82,25,15429.29606
83,25,18040.70915
84,25,19328.42669
85,25,21224.85359
86,25,23809.45459
87,25,24903.88309
88,25,25560.11605
89,25,16997.11847
90,25,17207.47008
91,25,19745.0043
92,25,20703.40456
93,25,21683.09724
94,25,22623.78373
95,25,26931.12673
96,25,22143.66548
97,25,Inf
1,26,12344.36834
2,26,10437.39636
3,26,14614.82041
4,26,Inf
5,26,8349.662494
6,26,9240.824288
7,26,Inf
8,26,16739.03688
9,26,5821.512936
10,26,6461.658042
11,26,3772.173378
12,26,3630.407294
13,26,5229.766268
14,26,5840.153156
15,26,8499.448437
16,26,9915.312115
17,26,16369.05392
18,26,2357.65297
19,26,3219.234174
20,26,4282.747304
21,26,8943.799471
22,26,10538.8756
23,26,12313.01276
