2,1,11320.45377
3,1,8851.036756
4,1,2527.374157
5,1,1902.337773
6,1,3932.560523
7,1,7842.188387
8,1,9807.660891
9,1,11190.93435
10,1,9713.152875
11,1,8131.88427
12,1,4141.52186
13,1,5961.646012
14,1,7212.403541
15,1,20764.31022
16,1,22376.10588
17,1,21144.27347
18,1,13707.15736
19,1,12962.88475
20,1,10218.64079
21,1,6774.266845
22,1,6806.87997
23,1,5431.159374
24,1,7217.134558
25,1,Inf
26,1,20842.73177
27,1,17931.51003
28,1,15344.27574
29,1,14716.13405
30,1,13495.11418
31,1,12042.33433
32,1,11241.25456
33,1,9773.084808
34,1,9043.842918
35,1,8874.698411
36,1,8278.482904
37,1,12697.00263
38,1,7307.322239
39,1,7945.3028
40,1,23039.71837
41,1,21437.36183
42,1,20247.57054
43,1,14751.64578
44,1,12738.76037
45,1,11649.7366
46,1,10163.79155
47,1,11322.99893
48,1,23157.14707
49,1,21306.14942
50,1,Inf
51,1,20001.9153
52,1,16971.77777
53,1,15295.1413
54,1,12998.15037
55,1,12382.09504
56,1,12255.98354
57,1,11728.41278
58,1,22110.02533
59,1,18985.17424
60,1,16339.4604
61,1,15839.92382
62,1,14394.47863
63,1,13857.26067
64,1,23003.17991
65,1,22353.92313
66,1,19345.54895
67,1,18657.13979
68,1,17858.64323
69,1,16199.94725
70,1,16171.45681
71,1,24892.32335
72,1,20272.24706
73,1,18745.84537
74,1,20544.559
1,2,11320.45377
3,2,9597.742602
4,2,8848.744267
5,2,11069.45149
6,2,11341.59731
7,2,13592.13275
8,2,14203.69743
9,2,15586.97089
10,2,2494.607016
11,2,3754.906589
12,2,9977.038226
13,2,11711.59038
14,2,12962.34791
15,2,25160.34677
16,2,15251.20642
17,2,14019.374
18,2,6326.601521
19,2,4785.933108
20,2,3828.992206
21,2,4546.186921
22,2,5388.088961
23,2,8950.853897
24,2,11902.12099
25,2,Inf
26,2,13744.36514
27,2,10806.61056
28,2,8558.528106
29,2,8011.609163
30,2,7298.733417
31,2,6172.793874
32,2,6060.70297
33,2,5568.681715
34,2,5940.365659
35,2,6375.823254
36,2,6578.584926
37,2,11220.14649
38,2,9950.696913
39,2,10960.03728
40,2,16228.46821
41,2,14338.9952
42,2,13149.20392
43,2,8678.54411
44,2,7768.394958
45,2,7446.821549
46,2,8366.058484
47,2,9846.142786
48,2,16633.76539
49,2,14840.93576
50,2,Inf
51,2,13536.70164
52,2,11043.24191
53,2,10227.53029
54,2,9412.838596
55,2,9353.3829
56,2,9987.320222
57,2,10028.5148
58,2,15644.81168
59,2,13220.40625
60,2,11794.48945
61,2,11848.90461
62,2,10866.39043
63,2,11298.98241
64,2,16537.96625
65,2,15907.83916
66,2,14200.72132
67,2,13799.45804
68,2,13485.72162
69,2,12673.79668
70,2,12842.51833
71,2,18446.23937
72,2,15634.43606
73,2,15217.75717
74,2,16493.4428
1,3,8851.036756
2,3,9597.742602
4,3,6550.546992
5,3,8478.68835
6,3,8738.853962
7,3,10837.23082
8,3,11448.7955
9,3,12832.06895
10,3,7950.795579
11,3,7026.992254
12,3,7363.510237
13,3,8956.688442
14,3,10207.44597
15,3,22405.44483
16,3,20613.74859
17,3,19381.91618
18,3,11944.80006
19,3,11200.52746
20,3,8456.283489
21,3,5205.656492
22,3,4798.683879
23,3,6115.60542
24,3,9066.872514
25,3,Inf
26,3,19080.37447
27,3,16169.15274
28,3,13581.91845
29,3,12953.77676
30,3,11724.83911
31,3,10272.05926
32,3,9470.979495
33,3,8002.809742
34,3,7272.016106
35,3,7076.419438
36,3,6530.681839
37,3,10949.20157
38,3,7115.448436
39,3,8124.788801
40,3,21277.36107
41,3,19675.00453
42,3,18485.21325
43,3,12981.37072
44,3,10968.48531
45,3,9879.461529
46,3,8415.990485
47,3,9575.197862
48,3,21394.78977
49,3,19543.79212
50,3,Inf
51,3,18239.558
52,3,15201.5027
53,3,13524.86624
54,3,11250.3493
55,3,10634.29398
56,3,10508.18247
57,3,9980.611715
58,3,20347.66804
59,3,17237.37318
60,3,14591.65933
61,3,14092.12276
62,3,12646.67756
63,3,12109.4596
64,3,21240.82261
65,3,20591.56584
66,3,17597.74788
67,3,16909.33873
68,3,16110.84216
69,3,14452.14618
70,3,14423.65575
71,3,23129.96605
72,3,18524.446
73,3,16998.0443
74,3,18796.75793
1,4,2527.374157
2,4,8848.744267
3,4,6550.546992
5,4,2479.550542
6,4,4783.158077
7,4,8768.308389
8,4,9681.441305
9,4,11064.71476
10,4,7241.443376
11,4,5660.174771
12,4,3828.729473
13,4,6887.766014
14,4,8138.523543
15,4,20638.09064
16,4,19904.39638
17,4,18672.56397
18,4,11235.44786
19,4,10491.17525
20,4,7746.931286
21,4,4302.557346
22,4,4586.736746
23,4,4666.262236
24,4,7412.039229
25,4,Inf
26,4,18371.02227
27,4,15459.80053
28,4,12872.56624
29,4,12244.42455
30,4,11023.40468
31,4,9570.624826
32,4,8769.545061
33,4,7301.375309
34,4,6572.133419
35,4,6402.988912
36,4,5943.511077
37,4,10362.03081
38,4,5849.924153
39,4,6859.264517
40,4,20568.00887
41,4,18965.65233
42,4,17775.86104
43,4,12279.93628
44,4,10267.05088
45,4,9178.027096
46,4,7828.819722
47,4,8988.027099
48,4,20685.43757
49,4,18834.43992
50,4,Inf
51,4,17530.2058
52,4,14500.06827
53,4,12823.4318
54,4,10663.17854
55,4,10047.12322
56,4,9921.011712
57,4,9393.440953
58,4,19638.31583
59,4,16618.68119
60,4,14004.48857
61,4,13504.95199
62,4,12059.5068
63,4,11522.28884
64,4,20531.47041
65,4,19882.21363
66,4,17010.57712
67,4,16322.16796
68,4,15523.6714
69,4,13864.97542
70,4,13836.48499
71,4,22420.61385
72,4,17937.27524
73,4,16410.87354
74,4,18209.58717
1,5,1902.337773
2,5,11069.45149
3,5,8478.68835
4,5,2479.550542
6,5,3684.077711
7,5,7895.556018
8,5,9559.178078
9,5,10942.45153
10,5,9462.150599
11,5,7880.881993
12,5,3813.04177
13,5,6015.013643
14,5,7265.771172
15,5,20515.82741
16,5,22125.10361
17,5,20893.27119
18,5,13456.15508
19,5,12711.88248
20,5,9967.638509
21,5,6523.264569
22,5,6434.531564
23,5,5056.171143
24,5,6968.651745
25,5,Inf
26,5,20591.72949
27,5,17680.50775
28,5,15093.27347
29,5,14465.13178
30,5,13244.1119
31,5,11791.33205
32,5,10990.25228
33,5,9522.082532
34,5,8792.840642
35,5,8623.696134
36,5,7906.134498
37,5,12324.65423
38,5,6932.334008
39,5,7696.819987
40,5,22788.71609
41,5,21186.35955
42,5,19996.56827
43,5,14500.64351
44,5,12487.7581
45,5,11398.73432
46,5,9791.443144
47,5,10950.65052
48,5,22906.14479
49,5,21055.14714
50,5,Inf
51,5,19750.91302
52,5,16720.77549
53,5,15044.13903
54,5,12625.80196
55,5,12009.74664
56,5,11883.63513
57,5,11356.06437
58,5,21859.02305
59,5,18612.82584
60,5,15967.11199
61,5,15467.57542
62,5,14022.13022
63,5,13484.91226
64,5,22752.17763
65,5,22102.92086
66,5,18973.20054
67,5,18284.79138
68,5,17486.29482
69,5,15827.59884
70,5,15799.10841
71,5,24641.32107
72,5,19899.89866
73,5,18373.49696
74,5,20172.21059
1,6,3932.560523
2,6,11341.59731
3,6,8738.853962
4,6,4783.158077
5,6,3684.077711
7,6,4832.420787
8,6,6449.333935
9,6,7832.607391
10,6,9734.296424
11,6,8153.027819
12,6,2698.106763
13,6,2951.878411
14,6,4202.635941
15,6,17405.98327
16,6,22397.24943
17,6,21165.41702
18,6,13728.30091
19,6,12984.0283
20,6,10239.78433
21,6,6795.410394
22,6,6694.697176
23,6,4721.792943
24,6,3858.807602
25,6,Inf
26,6,20863.87531
27,6,17952.65358
28,6,15365.41929
29,6,14737.2776
30,6,13516.25773
31,6,12063.47787
32,6,11262.39811
33,6,9794.228357
34,6,9064.986467
35,6,8895.841959
36,6,8161.791322
37,6,12580.31105
38,6,6597.955808
39,6,5871.945139
40,6,23060.86192
41,6,21458.50538
42,6,20268.71409
43,6,14772.78933
44,6,12759.90392
45,6,11670.88014
46,6,10047.09997
47,6,11206.30734
48,6,23178.29062
49,6,21327.29297
50,6,Inf
51,6,20023.05885
52,6,16992.92132
53,6,15316.28485
54,6,12881.45879
55,6,12265.40346
56,6,12139.29196
57,6,11611.7212
58,6,22131.16888
59,6,18868.48266
60,6,16222.76881
61,6,15723.23224
62,6,14277.78704
63,6,13740.56909
64,6,23024.32346
65,6,22375.06668
66,6,19228.85736
67,6,18540.44821
68,6,17741.95165
69,6,16083.25566
70,6,16054.76523
71,6,24913.4669
72,6,20155.55548
73,6,18629.15379
74,6,20427.86741
1,7,7842.188387
2,7,13592.13275
3,7,10837.23082
4,7,8768.308389
5,7,7895.556018
6,7,4832.420787
8,7,2118.775983
9,7,3496.105381
10,7,11945.18573
11,7,10507.70131
12,7,5430.415556
13,7,1880.542376
14,7,2469.466005
15,7,13069.48126
16,7,24608.13874
17,7,23376.30633
18,7,15939.19021
19,7,15194.91761
20,7,12450.67364
21,7,9150.083881
22,7,8793.074032
23,7,6314.469429
24,7,3888.071738
25,7,Inf
26,7,23074.76462
27,7,20163.54289
28,7,17576.3086
29,7,16948.16691
30,7,15719.22927
31,7,14266.44941
32,7,13465.36965
33,7,11997.19989
34,7,11266.40626
35,7,11070.80959
36,7,10013.17613
37,7,14431.69586
38,7,7790.886548
39,7,6562.794281
40,7,25271.75123
41,7,23669.39468
42,7,22479.6034
43,7,16975.76087
44,7,14962.87546
45,7,13873.85168
46,7,11898.48478
47,7,13057.69215
48,7,25389.17993
49,7,23538.18227
50,7,Inf
51,7,22233.94816
52,7,19195.89286
53,7,17199.65383
54,7,14732.8436
55,7,14116.78827
56,7,13990.67677
57,7,13463.10601
58,7,24342.05819
59,7,20719.86747
60,7,18074.15362
61,7,17574.61705
62,7,16129.17185
63,7,15591.95389
64,7,25235.21277
65,7,24585.95599
66,7,21080.24217
67,7,20391.83302
68,7,19593.33646
69,7,17934.64047
70,7,17906.15004
71,7,27124.3562
72,7,22006.94029
73,7,20480.53859
74,7,22279.25222
1,8,9807.660891
2,8,14203.69743
3,8,11448.7955
4,8,9681.441305
5,8,9559.178078
6,8,6449.333935
7,8,2118.775983
9,8,1416.737809
10,8,12556.75041
11,8,11119.26598
12,8,7502.342697
13,8,3952.469516
14,8,4541.393145
15,8,10963.41257
16,8,25219.70342
17,8,23987.87101
18,8,16550.75489
19,8,15806.48229
20,8,13062.23832
21,8,9761.648559
22,8,9404.638709
23,8,7625.069235
24,8,5959.998878
25,8,Inf
26,8,23686.3293
27,8,20775.10757
28,8,18187.87328
29,8,17559.73159
30,8,16330.79394
31,8,14878.01409
32,8,14076.93432
33,8,12608.76457
34,8,11877.97094
35,8,11682.37427
36,8,10871.73285
37,8,15290.25258
38,8,9501.232101
39,8,8634.721422
40,8,25883.3159
41,8,24280.95936
42,8,23091.16808
43,8,17587.32555
44,8,15574.44014
45,8,14485.41636
46,8,12757.0415
47,8,13916.24888
48,8,26000.7446
49,8,24149.74695
50,8,Inf
51,8,22845.51283
52,8,19807.45753
53,8,18058.21056
54,8,15591.40032
55,8,14975.345
56,8,14849.23349
57,8,14321.66273
58,8,24953.62287
59,8,21578.42419
60,8,18932.71035
61,8,18433.17377
62,8,16987.72858
63,8,16450.51062
64,8,25846.77744
65,8,25197.52067
66,8,21938.7989
67,8,21250.38974
68,8,20451.89318
69,8,18793.1972
70,8,18764.70677
71,8,27735.92088
72,8,22865.49702
73,8,21339.09532
74,8,23137.80895
1,9,11190.93435
2,9,15586.97089
3,9,12832.06895
4,9,11064.71476
5,9,10942.45153
6,9,7832.607391
7,9,3496.105381
8,9,1416.737809
10,9,13940.02387
11,9,12502.53944
12,9,8879.672095
13,9,5329.798915
14,9,5918.722544
15,9,9573.881306
16,9,26602.97687
17,9,25371.14446
18,9,17934.02835
19,9,17189.75574
20,9,14445.51178
21,9,11144.92201
22,9,10787.91217
23,9,9008.342691
24,9,7337.328277
25,9,Inf
26,9,25069.60276
27,9,22158.38102
28,9,19571.14673
29,9,18943.00504
30,9,17714.0674
31,9,16261.28755
32,9,15460.20778
33,9,13992.03803
34,9,13261.24439
35,9,13065.64772
36,9,12255.00631
37,9,16673.52604
38,9,10884.50556
39,9,10012.05082
40,9,27266.58936
41,9,25664.23282
42,9,24474.44153
43,9,18970.599
44,9,16957.71359
45,9,15868.68982
46,9,14140.31496
47,9,15299.52233
48,9,27384.01806
49,9,25533.02041
50,9,Inf
51,9,24228.78629
52,9,21190.73099
53,9,19441.48401
54,9,16974.67378
55,9,16358.61845
56,9,16232.50695
57,9,15704.93619
58,9,26336.89632
59,9,22961.69765
60,9,20315.9838
61,9,19816.44723
62,9,18371.00203
63,9,17833.78407
64,9,27230.0509
65,9,26580.79412
66,9,23322.07235
67,9,22633.6632
68,9,21835.16664
69,9,20176.47065
70,9,20147.98022
71,9,29119.19434
72,9,24248.77047
73,9,22722.36877
74,9,24521.0824
1,10,9713.152875
2,10,2494.607016
3,10,7950.795579
4,10,7241.443376
5,10,9462.150599
6,10,9734.296424
7,10,11945.18573
8,10,12556.75041
9,10,13940.02387
11,10,2182.300485
12,10,8369.737336
13,10,10064.64336
14,10,11315.40089
15,10,23513.39974
16,10,14883.70867
17,10,13651.87626
18,10,5959.103778
19,10,4418.435365
20,10,1603.460888
21,10,2973.580817
22,10,3719.601438
23,10,7303.906874
24,10,10255.17397
25,10,Inf
26,10,13376.8674
27,10,10439.11282
28,10,8191.030363
29,10,7644.11142
30,10,6931.235674
31,10,5762.31675
32,10,4974.758314
33,10,3798.603402
34,10,3714.834341
35,10,3881.216238
36,10,4582.02018
37,10,9223.581747
38,10,8303.74989
39,10,9313.090255
40,10,15860.97047
41,10,13971.49746
42,10,12781.70617
43,10,8309.116928
44,10,6764.278968
45,10,5630.305877
46,10,5871.451468
47,10,7849.57804
48,10,16266.26765
49,10,14473.43802
50,10,Inf
51,10,13169.2039
52,10,10673.81473
53,10,9320.659897
54,10,7452.137282
55,10,7127.851581
56,10,7761.788903
57,10,7550.890549
58,10,15277.31393
59,10,12850.97907
60,10,10486.14539
61,10,10032.38894
62,10,8848.47365
63,10,9073.451096
64,10,16170.46851
65,10,15540.34142
66,10,13492.23394
67,10,12803.82478
68,10,12005.32822
69,10,10653.94227
70,10,10625.45184
71,10,18078.74163
72,10,14568.00021
73,10,13199.84039
74,10,14998.55402
1,11,8131.88427
2,11,3754.906589
3,11,7026.992254
4,11,5660.174771
5,11,7880.881993
6,11,8153.027819
7,11,10507.70131
8,11,11119.26598
9,11,12502.53944
10,11,2182.300485
12,11,6788.46873
13,11,8627.15893
14,11,9877.91646
15,11,22075.91532
16,11,16134.54724
17,11,14902.71482
18,11,7209.942341
19,11,5669.273928
20,11,2925.02996
21,11,1970.205138
22,11,2817.338613
23,11,6104.086914
24,11,8849.863907
25,11,Inf
26,11,14627.70596
27,11,11689.95138
28,11,9441.868926
29,11,8894.949983
30,11,8165.77629
31,11,6837.652947
32,11,6050.09451
33,11,4821.595694
34,11,4318.985418
35,11,4149.840911
36,11,4003.379214
37,11,8644.94078
38,11,7275.494471
39,11,8284.834836
40,11,17111.80903
41,11,15222.33602
42,11,14032.54474
43,11,9384.453125
44,11,7787.27126
45,11,6698.483474
46,11,5888.68786
47,11,7270.937073
48,11,17517.10621
49,11,15724.27658
50,11,Inf
51,11,14420.04246
52,11,11749.15092
53,11,10343.65219
54,11,8534.123342
55,11,7918.068017
56,11,7980.879849
57,11,7453.30909
58,11,16528.1525
59,11,13926.31526
60,11,11531.32734
61,11,11100.56654
62,11,9930.451598
63,11,9582.156978
64,11,17421.30707
65,11,16791.17998
66,11,14537.41589
67,11,13849.00673
68,11,13050.51017
69,11,11735.92022
70,11,11707.42979
71,11,19329.58019
72,11,15613.18216
73,11,14281.81834
74,11,16058.23135
1,12,4141.52186
2,12,9977.038226
3,12,7363.510237
4,12,3828.729473
5,12,3813.04177
6,12,2698.106763
7,12,5430.415556
8,12,7502.342697
9,12,8879.672095
10,12,8369.737336
11,12,6788.46873
13,12,3549.87318
14,12,4800.63071
15,12,18453.04797
16,12,21032.69034
17,12,19800.85793
18,12,12363.74182
19,12,11619.46921
20,12,8875.225245
21,12,5430.851305
22,12,5319.353451
23,12,3390.616163
24,12,4297.405222
25,12,Inf
26,12,19499.31623
27,12,16588.09449
28,12,14000.8602
29,12,13372.71851
30,12,12151.69864
31,12,10698.91879
32,12,9897.839021
33,12,8429.669268
34,12,7700.427378
35,12,7531.282871
36,12,6781.107637
37,12,11199.62737
38,12,5266.779028
39,12,4872.244217
40,12,21696.30283
41,12,20093.94629
42,12,18904.155
43,12,13408.23024
44,12,11395.34483
45,12,10306.32106
46,12,8666.416283
47,12,9825.62366
48,12,21813.73153
49,12,19962.73388
50,12,Inf
51,12,18658.49976
52,12,15628.36223
53,12,13951.72576
54,12,11500.7751
55,12,10884.71978
56,12,10758.60827
57,12,10231.03751
58,12,20766.60979
59,12,17487.79898
60,12,14842.08513
61,12,14342.54855
62,12,12897.10336
63,12,12359.8854
64,12,21659.76437
65,12,21010.50759
66,12,17848.17368
67,12,17159.76452
68,12,16361.26796
69,12,14702.57198
70,12,14674.08155
71,12,23548.90781
72,12,18774.8718
73,12,17248.4701
74,12,19047.18373
1,13,5961.646012
2,13,11711.59038
3,13,8956.688442
4,13,6887.766014
5,13,6015.013643
6,13,2951.878411
7,13,1880.542376
8,13,3952.469516
9,13,5329.798915
10,13,10064.64336
11,13,8627.15893
12,13,3549.87318
14,13,1250.75753
15,13,14903.17479
16,13,22727.59636
17,13,21495.76395
18,13,14058.64784
19,13,13314.37523
20,13,10570.13127
21,13,7269.541505
22,13,6912.531656
23,13,4499.996463
24,13,2073.598771
25,13,Inf
26,13,21194.22225
27,13,18283.00051
28,13,15695.76622
29,13,15067.62453
30,13,13838.68689
31,13,12385.90704
32,13,11584.82727
33,13,10116.65752
34,13,9385.863883
35,13,9190.267214
36,13,8132.633755
37,13,12551.15348
38,13,5976.413581
39,13,4748.321314
40,13,23391.20885
41,13,21788.85231
42,13,20599.06102
43,13,15095.21849
44,13,13082.33309
45,13,11993.30931
46,13,10017.9424
47,13,11177.14978
48,13,23508.63755
49,13,21657.6399
50,13,Inf
51,13,20353.40578
52,13,17315.35048
53,13,15319.11146
54,13,12852.30122
55,13,12236.2459
56,13,12110.13439
57,13,11582.56363
58,13,22461.51581
59,13,18839.32509
60,13,16193.61125
61,13,15694.07467
62,13,14248.62948
63,13,13711.41152
64,13,23354.67039
65,13,22705.41361
66,13,19199.6998
67,13,18511.29064
68,13,17712.79408
69,13,16054.0981
70,13,16025.60767
71,13,25243.81383
72,13,20126.39792
73,13,18599.99622
74,13,20398.70985
1,14,7212.403541
2,14,12962.34791
3,14,10207.44597
4,14,8138.523543
5,14,7265.771172
6,14,4202.635941
7,14,2469.466005
8,14,4541.393145
9,14,5918.722544
10,14,11315.40089
11,14,9877.91646
12,14,4800.63071
13,14,1250.75753
15,14,15492.09842
16,14,23978.35389
17,14,22746.52148
18,14,15309.40537
19,14,14565.13276
20,14,11820.8888
21,14,8520.299035
22,14,8163.289186
23,14,4801.281951
24,14,2374.884259
25,14,Inf
26,14,22444.97978
27,14,19533.75804
28,14,16946.52375
29,14,16318.38206
30,14,15089.44442
31,14,13636.66457
32,14,12835.5848
33,14,11367.41505
34,14,10636.62141
35,14,10441.02474
36,14,9285.133495
37,14,13703.65322
38,14,6277.699069
39,14,5049.606803
40,14,24641.96638
41,14,23039.60984
42,14,21849.81855
43,14,16345.97602
44,14,14333.09062
45,14,13172.62674
46,14,11170.44214
47,14,12329.64952
48,14,24759.39508
49,14,22908.39743
50,14,Inf
51,14,21604.16331
52,14,18566.10801
53,14,16471.6112
54,14,14004.80096
55,14,13388.74564
56,14,13262.63413
57,14,12735.06337
58,14,23712.27334
59,14,19991.82483
60,14,17346.11099
61,14,16846.57441
62,14,15401.12922
63,14,14863.91126
64,14,24605.42792
65,14,23956.17114
66,14,20352.19954
67,14,19663.79038
68,14,18865.29382
69,14,17206.59784
70,14,17178.1074
71,14,26494.57136
72,14,21278.89765
73,14,19752.49596
74,14,21551.20959
1,15,20764.31022
2,15,25160.34677
3,15,22405.44483
4,15,20638.09064
5,15,20515.82741
6,15,17405.98327
7,15,13069.48126
8,15,10963.41257
9,15,9573.881306
10,15,23513.39974
11,15,22075.91532
12,15,18453.04797
13,15,14903.17479
14,15,15492.09842
16,15,36176.35275
17,15,34944.52034
18,15,27507.40423
19,15,26763.13162
20,15,24018.88765
21,15,20718.29789
22,15,20361.28804
23,15,18581.71857
24,15,16910.70415
25,15,Inf
26,15,34642.97863
27,15,31731.7569
28,15,29144.52261
29,15,28516.38092
30,15,27287.44328
31,15,25834.66342
32,15,25033.58366
33,15,23565.41391
34,15,22834.62027
35,15,22639.0236
36,15,21828.38219
37,15,26246.90192
38,15,20457.88143
39,15,19585.4267
40,15,36839.96524
41,15,35237.6087
42,15,34047.81741
43,15,28543.97488
44,15,26531.08947
45,15,25442.06569
46,15,23713.69083
47,15,24872.89821
48,15,36957.39394
49,15,35106.39629
50,15,Inf
51,15,33802.16217
52,15,30764.10687
53,15,29014.85989
54,15,26548.04965
55,15,25931.99433
56,15,25805.88282
57,15,25278.31207
58,15,35910.2722
59,15,32535.07353
60,15,29889.35968
61,15,29389.82311
62,15,27944.37791
63,15,27407.15995
64,15,36803.42678
65,15,36154.17
66,15,32895.44823
67,15,32207.03908
68,15,31408.54251
69,15,29749.84653
70,15,29721.3561
71,15,38692.57022
72,15,33822.14635
73,15,32295.74465
74,15,34094.45828
1,16,22376.10588
2,16,15251.20642
3,16,20613.74859
4,16,19904.39638
5,16,22125.10361
6,16,22397.24943
7,16,24608.13874
8,16,25219.70342
9,16,26602.97687
10,16,14883.70867
11,16,16134.54724
12,16,21032.69034
13,16,22727.59636
14,16,23978.35389
15,16,36176.35275
17,16,1720.433139
18,16,9523.697223
19,16,10763.59014
20,16,13951.70887
21,16,15761.61648
22,16,16376.40055
23,16,19966.85988
24,16,22918.12698
25,16,Inf
26,16,3222.272949
27,16,4730.807956
28,16,7064.545747
29,16,7692.687437
30,16,9686.080756
31,16,10857.65262
32,16,11903.83378
33,16,12639.54367
34,16,14024.5822
35,16,15568.90009
36,16,17172.68909
37,16,21002.22276
38,16,20966.7029
39,16,21976.04326
40,16,5057.856473
41,16,4462.662311
42,16,5354.312625
43,16,10373.18528
44,16,12200.78317
45,16,13717.18645
46,16,16657.80626
47,16,19628.21906
48,16,5632.345293
49,16,6142.693251
50,16,Inf
51,16,8456.656579
52,16,10603.27139
53,16,12492.1541
54,16,14472.1886
55,16,15260.34617
56,16,16366.30421
57,16,17668.09938
58,16,9761.488373
59,16,11189.13667
60,16,13215.56594
61,16,14773.98978
62,16,15098.57317
63,16,17426.96367
64,16,10606.219
65,16,11345.06986
66,16,12805.25021
67,16,13447.42399
68,16,14417.84715
69,16,16114.10775
70,16,17441.33659
71,16,11193.73086
72,16,14994.36741
73,16,16435.65559
74,16,16872.54295
1,17,21144.27347
2,17,14019.374
3,17,19381.91618
4,17,18672.56397
5,17,20893.27119
6,17,21165.41702
7,17,23376.30633
8,17,23987.87101
9,17,25371.14446
10,17,13651.87626
11,17,14902.71482
12,17,19800.85793
13,17,21495.76395
14,17,22746.52148
15,17,34944.52034
16,17,1720.433139
18,17,8291.864811
19,17,9531.757724
20,17,12719.87646
21,17,14529.78407
22,17,15144.56814
23,17,18735.02747
24,17,21686.29456
25,17,Inf
26,17,1990.440537
27,17,3498.975544
28,17,5832.713335
29,17,6460.855025
30,17,8454.248344
31,17,9625.820209
32,17,10672.00137
33,17,11407.71125
34,17,12792.74979
35,17,14337.06767
36,17,15940.85668
37,17,19770.39035
38,17,19734.87049
39,17,20744.21085
40,17,4995.280166
41,17,4107.681093
42,17,4122.480213
43,17,9141.352872
44,17,10968.95076
45,17,12485.35404
46,17,15425.97385
47,17,18396.38664
48,17,5569.768985
49,17,5620.761908
50,17,Inf
51,17,7224.824167
52,17,9371.438982
53,17,11260.32169
54,17,13240.35618
55,17,14028.51375
56,17,15134.4718
57,17,16436.26697
58,17,8529.655961
59,17,9957.304257
60,17,11983.73353
61,17,13542.15737
62,17,13866.74076
63,17,16195.13126
64,17,9580.938687
65,17,10113.23745
66,17,11573.4178
67,17,12215.59158
68,17,13186.01474
69,17,14882.27534
70,17,16209.50418
71,17,11022.38414
72,17,13762.535
73,17,15203.82318
74,17,15640.71054
1,18,13707.15736
2,18,6326.601521
3,18,11944.80006
4,18,11235.44786
5,18,13456.15508
6,18,13728.30091
7,18,15939.19021
8,18,16550.75489
9,18,17934.02835
10,18,5959.103778
11,18,7209.942341
12,18,12363.74182
13,18,14058.64784
14,18,15309.40537
15,18,27507.40423
16,18,9523.697223
17,18,8291.864811
19,18,1838.985241
20,18,5027.103974
21,18,7092.667953
22,18,7707.452022
23,18,11297.91136
24,18,14249.17845
25,18,Inf
26,18,8016.855945
27,18,5079.101371
28,18,2831.018913
29,18,2284.09997
30,18,1631.881822
31,18,2188.704096
32,18,3234.885254
33,18,3970.59514
34,18,5355.633675
35,18,6899.951561
36,18,8503.740564
37,18,12333.27424
38,18,12297.75437
39,18,13307.09474
40,18,10500.95902
41,18,8611.486008
42,18,7421.694722
43,18,3560.296228
44,18,4311.511033
45,18,5640.352779
46,18,8088.297659
47,18,10959.27053
48,18,10906.2562
49,18,9113.426567
50,18,Inf
51,18,7809.19245
52,18,5575.3061
53,18,5819.128448
54,18,6582.91646
55,18,7371.074031
56,18,8477.032072
57,18,9778.827242
58,18,9917.302482
59,18,7723.862216
60,18,7267.149499
61,18,8060.47584
62,18,8064.537031
63,18,9788.694264
64,18,10810.45706
65,18,10189.80892
66,18,8941.787522
67,18,8665.182712
68,18,9183.733254
69,18,9904.768504
70,18,10459.13886
71,18,12728.20913
72,18,10500.16073
73,18,11189.89815
74,18,12347.72613
1,19,12962.88475
2,19,4785.933108
3,19,11200.52746
4,19,10491.17525
5,19,12711.88248
6,19,12984.0283
7,19,15194.91761
8,19,15806.48229
9,19,17189.75574
10,19,4418.435365
11,19,5669.273928
12,19,11619.46921
13,19,13314.37523
14,19,14565.13276
15,19,26763.13162
16,19,10763.59014
17,19,9531.757724
18,19,1838.985241
20,19,3486.435561
21,19,6348.395348
22,19,6969.333316
23,19,10553.63875
24,19,13504.90585
25,19,Inf
26,19,9256.748858
27,19,6318.994284
28,19,4070.911826
29,19,3523.992883
30,19,2811.117137
31,19,2335.66302
32,19,2782.552413
33,19,3424.867279
34,19,4806.110782
35,19,6346.582274
36,19,7831.752058
37,19,11779.90495
38,19,11553.48177
39,19,12562.82213
40,19,11740.85193
41,19,9851.378921
42,19,8661.587635
43,19,4207.312022
44,19,4449.136552
45,19,5455.059119
46,19,7602.81372
47,19,10405.90124
48,19,12146.14911
49,19,10353.31948
50,19,Inf
51,19,9049.085363
52,19,6572.009823
53,19,6204.333321
54,19,6720.54198
55,19,7508.69955
56,19,8614.657591
57,19,9681.578209
58,19,11157.19539
59,19,8749.17416
60,19,7652.354371
61,19,8445.680712
62,19,8358.041771
63,19,9926.319783
64,19,12050.34997
65,19,11420.22288
66,19,9729.489229
67,19,9417.700355
68,19,9577.575287
69,19,10289.97338
70,19,10839.74779
71,19,13958.62309
72,19,11252.67837
73,19,11575.10302
74,19,12732.931
1,20,10218.64079
2,20,3828.992206
3,20,8456.283489
4,20,7746.931286
5,20,9967.638509
6,20,10239.78433
7,20,12450.67364
8,20,13062.23832
9,20,14445.51178
10,20,1603.460888
11,20,2925.02996
12,20,8875.225245
13,20,10570.13127
14,20,11820.8888
15,20,24018.88765
16,20,13951.70887
17,20,12719.87646
18,20,5027.103974
19,20,3486.435561
21,20,3604.15138
22,20,4225.089348
23,20,7809.394784
24,20,10760.66188
25,20,Inf
26,20,12444.86759
27,20,9507.113017
28,20,7259.030559
29,20,6712.111616
30,20,5641.544428
31,20,4188.764573
32,20,3401.206136
33,20,2195.142514
34,20,2189.38317
35,20,3729.854661
36,20,5087.50809
37,20,9163.177337
38,20,8809.2378
39,20,9818.578165
40,20,14928.97067
41,20,13039.49765
42,20,11849.70637
43,20,6898.07603
44,20,5160.81808
45,20,4026.844989
46,20,5019.76583
47,20,7789.173631
48,20,15296.6096
49,20,13445.61195
50,20,Inf
51,20,12141.37783
52,20,9262.77383
53,20,7717.199009
54,20,5848.676394
55,20,5552.450633
56,20,6236.337733
57,20,7098.530318
58,20,14249.48786
59,20,11439.93817
60,20,8882.6845
61,20,8428.928054
62,20,7245.012763
63,20,7547.999925
64,20,15142.64244
65,20,14493.38566
66,20,11888.77305
67,20,11200.36389
68,20,10401.86733
69,20,9050.481384
70,20,9021.990951
71,20,17031.78588
72,20,12964.53932
73,20,11596.37951
74,20,13395.09313
1,21,6774.266845
2,21,4546.186921
3,21,5205.656492
4,21,4302.557346
5,21,6523.264569
6,21,6795.410394
7,21,9150.083881
8,21,9761.648559
9,21,11144.92201
10,21,2973.580817
11,21,1970.205138
12,21,5430.851305
13,21,7269.541505
14,21,8520.299035
15,21,20718.29789
16,21,15761.61648
17,21,14529.78407
18,21,7092.667953
19,21,6348.395348
20,21,3604.15138
22,21,996.0028506
23,21,4558.767787
24,21,7492.246483
25,21,Inf
26,21,14228.24236
27,21,11317.02063
28,21,8729.786338
29,21,8101.644648
30,21,6880.624775
31,21,5427.84492
32,21,4626.765155
33,21,3158.595403
34,21,2429.353513
35,21,2260.209006
36,21,2098.030785
37,21,6739.592351
38,21,5558.610803
39,21,6567.951168
40,21,16425.22896
41,21,14822.87242
42,21,13633.08114
43,21,8137.156377
44,21,6124.27097
45,21,5035.24719
46,21,3983.339431
47,21,5365.588644
48,21,16542.65766
49,21,14691.66001
50,21,Inf
51,21,13387.42589
52,21,10357.28836
53,21,8680.651898
54,21,6628.774913
55,21,6012.719588
56,21,6075.53142
57,21,5547.960661
58,21,15495.53593
59,21,12475.90129
60,21,9868.327046
61,21,9437.330255
62,21,8025.103169
63,21,7676.808549
64,21,16388.69051
65,21,15739.43373
66,21,12874.4156
67,21,12186.00644
68,21,11387.50988
69,21,9830.57179
70,21,9802.081358
71,21,18277.83394
72,21,13902.87161
73,21,12376.46991
74,21,14175.18354
1,22,6806.87997
2,22,5388.088961
3,22,4798.683879
4,22,4586.736746
5,22,6434.531564
6,22,6694.697176
7,22,8793.074032
8,22,9404.638709
9,22,10787.91217
10,22,3719.601438
11,22,2817.338613
12,22,5319.353451
13,22,6912.531656
14,22,8163.289186
15,22,20361.28804
16,22,16376.40055
17,22,15144.56814
18,22,7707.452022
19,22,6969.333316
20,22,4225.089348
21,22,996.0028506
23,22,4151.795174
24,22,7103.062268
25,22,Inf
26,22,14843.02643
27,22,11931.8047
28,22,9344.570407
29,22,8716.428718
30,22,7463.166183
31,22,6010.386328
32,22,5209.306563
33,22,3741.13681
34,22,3010.343174
35,22,2488.476934
36,22,2250.125866
37,22,6891.687432
38,22,5151.63819
39,22,6160.978555
40,22,17040.01303
41,22,15437.65649
42,22,14247.86521
43,22,8719.697784
44,22,6706.812377
45,22,5578.203775
46,22,4135.434512
47,22,5517.683726
48,22,17157.44173
49,22,15306.44408
50,22,Inf
51,22,14002.20996
52,22,10939.82977
53,22,9263.193306
54,22,6800.685186
55,22,6184.629861
56,22,6227.626501
57,22,5700.055742
58,22,16110.32
59,22,12787.70906
60,22,10141.99521
61,22,9642.458638
62,22,8197.013442
63,22,7828.90363
64,22,17003.47458
65,22,16346.38163
66,22,13148.08376
67,22,12459.67461
68,22,11661.17805
69,22,10002.48206
70,22,9973.991631
71,22,18884.78184
72,22,14074.78188
73,22,12548.38018
74,22,14347.09381
1,23,5431.159374
2,23,8950.853897
3,23,6115.60542
4,23,4666.262236
5,23,5056.171143
6,23,4721.792943
7,23,6314.469429
8,23,7625.069235
9,23,9008.342691
10,23,7303.906874
11,23,6104.086914
12,23,3390.616163
13,23,4499.996463
14,23,4801.281951
15,23,18581.71857
16,23,19966.85988
17,23,18735.02747
18,23,11297.91136
19,23,10553.63875
20,23,7809.394784
21,23,4558.767787
22,23,4151.795174
24,23,2983.535444
25,23,Inf
26,23,18433.48576
27,23,15522.26403
28,23,12935.02974
29,23,12306.88805
30,23,11077.95041
31,23,9625.170554
32,23,8824.090789
33,23,7355.921037
34,23,6625.127401
35,23,5695.4624
36,23,4516.119895
37,23,8934.639624
38,23,1878.541411
39,23,2887.881776
40,23,20630.47237
41,23,19028.11583
42,23,17838.32454
43,23,12334.48201
44,23,9615.779924
45,23,8403.613137
46,23,6401.42854
47,23,7560.635918
48,23,20747.90107
49,23,18896.90342
50,23,Inf
51,23,17592.6693
52,23,14554.614
53,23,11702.5976
54,23,9235.78736
55,23,8619.732035
56,23,8493.62053
57,23,7966.049771
58,23,19700.77933
59,23,15222.81123
60,23,12577.09739
61,23,12077.56081
62,23,10632.11562
63,23,10094.89766
64,23,20471.11469
65,23,19678.41236
66,23,15583.18594
67,23,14894.77678
68,23,14096.28022
69,23,12437.58424
70,23,12409.0938
71,23,22216.81258
72,23,16509.88405
73,23,14983.48236
74,23,16782.19599
1,24,7217.134558
2,24,11902.12099
3,24,9066.872514
4,24,7412.039229
5,24,6968.651745
6,24,3858.807602
7,24,3888.071738
8,24,5959.998878
9,24,7337.328277
10,24,10255.17397
11,24,8849.863907
12,24,4297.405222
13,24,2073.598771
14,24,2374.884259
15,24,16910.70415
16,24,22918.12698
17,24,21686.29456
18,24,14249.17845
19,24,13504.90585
20,24,10760.66188
21,24,7492.246483
22,24,7103.062268
23,24,2983.535444
25,24,Inf
26,24,21384.75286
27,24,18473.53112
28,24,15886.29684
29,24,15258.15515
30,24,14029.2175
31,24,12576.43765
32,24,11775.35788
33,24,10307.18813
34,24,9576.394495
35,24,8646.729494
36,24,7467.386988
37,24,11885.90672
38,24,4459.952563
39,24,3231.860296
40,24,23581.73946
41,24,21979.38292
42,24,20789.59163
43,24,15285.7491
44,24,12567.04702
45,24,11354.88023
46,24,9352.695634
47,24,10511.90301
48,24,23699.16816
49,24,21848.17051
50,24,Inf
51,24,20543.93639
52,24,17505.88109
53,24,14653.86469
54,24,12187.05445
55,24,11570.99913
56,24,11444.88762
57,24,10917.31686
58,24,22652.04642
59,24,18174.07833
60,24,15528.36448
61,24,15028.82791
62,24,13583.38271
63,24,13046.16475
64,24,23422.38178
65,24,22629.67945
66,24,18534.45303
67,24,17846.04387
68,24,17047.54731
69,24,15388.85133
70,24,15360.3609
71,24,25168.07967
72,24,19461.15115
73,24,17934.74945
74,24,19733.46308
1,25,Inf
2,25,Inf
3,25,Inf
4,25,Inf
5,25,Inf
6,25,Inf
7,25,Inf
8,25,Inf
9,25,Inf
10,25,Inf
11,25,Inf
12,25,Inf
13,25,Inf
14,25,Inf
15,25,Inf
16,25,Inf
17,25,Inf
18,25,Inf
19,25,Inf
20,25,Inf
21,25,Inf
22,25,Inf
23,25,Inf
24,25,Inf
26,25,Inf
27,25,Inf
28,25,Inf
29,25,Inf
30,25,Inf
31,25,Inf
32,25,Inf
33,25,Inf
34,25,Inf
35,25,Inf
36,25,Inf
37,25,Inf
38,25,Inf
39,25,Inf
40,25,Inf
41,25,Inf
42,25,Inf
43,25,Inf
44,25,Inf
45,25,Inf
46,25,Inf
47,25,Inf
48,25,Inf
49,25,Inf
50,25,Inf
51,25,Inf
52,25,Inf
53,25,Inf
54,25,Inf
55,25,Inf
56,25,Inf
57,25,Inf
58,25,Inf
59,25,Inf
60,25,Inf
61,25,Inf
62,25,Inf
63,25,Inf
64,25,Inf
65,25,Inf
66,25,Inf
67,25,Inf
68,25,Inf
69,25,Inf
70,25,Inf
71,25,Inf
72,25,Inf
73,25,Inf
74,25,Inf
1,26,20842.73177
2,26,13744.36514
3,26,19080.37447
4,26,18371.02227
5,26,20591.72949
6,26,20863.87531
7,26,23074.76462
8,26,23686.3293
9,26,25069.60276
10,26,13376.8674
11,26,14627.70596
12,26,19499.31623
13,26,21194.22225
14,26,22444.97978
15,26,34642.97863
16,26,3222.272949
17,26,1990.440537
18,26,8016.855945
19,26,9256.748858
20,26,12444.86759
21,26,14228.24236
22,26,14843.02643
23,26,18433.48576
24,26,21384.75286
25,26,Inf
27,26,2954.54084
28,26,5498.456022
29,26,6126.597712
30,26,8119.99103
31,26,9324.278503
32,26,10370.45966
33,26,11106.16955
34,26,12491.20808
35,26,14035.52597
36,26,15639.31497
37,26,19468.84864
38,26,19433.32878
39,26,20442.66914
40,26,4146.108977
41,26,2628.70378
42,26,2643.502901
43,26,8807.095559
44,26,10634.69344
45,26,12151.09673
46,26,15091.71654
47,26,18094.84494
48,26,4720.597797
49,26,4141.784595
50,26,Inf
51,26,5745.846855
52,26,8469.442885
53,26,10926.06438
54,26,12906.09887
55,26,13694.25644
56,26,14800.21448
57,26,16102.00965
58,26,7050.678649
59,26,9082.003785
60,26,11108.43306
61,26,12666.8569
62,26,13532.48344
63,26,15860.87394
64,26,8101.961375
65,26,8634.260137
66,26,10698.11733
67,26,11340.29111
68,26,12310.71426
69,26,14006.97486
70,26,15555.61461
71,26,9543.406829
72,26,12887.23452
73,26,14328.52271
74,26,14765.41006
1,27,17931.51003
2,27,10806.61056
3,27,16169.15274
4,27,15459.80053
5,27,17680.50775
6,27,17952.65358
7,27,20163.54289
8,27,20775.10757
9,27,22158.38102
10,27,10439.11282
11,27,11689.95138
12,27,16588.09449
13,27,18283.00051
14,27,19533.75804
15,27,31731.7569
16,27,4730.807956
17,27,3498.975544
18,27,5079.101371
19,27,6318.994284
20,27,9507.113017
21,27,11317.02063
22,27,11931.8047
23,27,15522.26403
24,27,18473.53112
25,27,Inf
26,27,2954.54084
28,27,2614.030884
29,27,3242.172574
30,27,5235.565892
31,27,6413.056769
32,27,7459.237928
33,27,8194.947813
34,27,9579.986348
35,27,11124.30423
36,27,12728.09324
37,27,16557.62691
38,27,16522.10705
39,27,17531.44741
40,27,5438.643916
41,27,3549.170903
42,27,2359.379616
43,27,5922.670421
44,27,7750.268305
45,27,9266.671589
46,27,12207.2914
47,27,15183.6232
48,27,5936.056832
49,27,4756.487067
50,27,Inf
51,27,4702.595803
52,27,6067.849324
53,27,8041.63924
54,27,10021.67373
55,27,10809.8313
56,27,11915.78934
57,27,13217.58451
58,27,6536.507093
59,27,6653.714599
60,27,8680.143869
61,27,10238.56771
62,27,10648.05831
63,27,12976.4488
64,27,7760.011898
65,27,7774.925858
66,27,8269.82814
67,27,8912.00192
68,27,9882.425078
69,27,11578.68568
70,27,12990.82173
71,27,9536.705313
72,27,10458.94534
73,27,11900.23352
74,27,12337.12088
1,28,15344.27574
2,28,8558.528106
3,28,13581.91845
4,28,12872.56624
5,28,15093.27347
6,28,15365.41929
7,28,17576.3086
8,28,18187.87328
9,28,19571.14673
10,28,8191.030363
11,28,9441.868926
12,28,14000.8602
13,28,15695.76622
14,28,16946.52375
15,28,29144.52261
16,28,7064.545747
17,28,5832.713335
18,28,2831.018913
19,28,4070.911826
20,28,7259.030559
21,28,8729.786338
22,28,9344.570407
23,28,12935.02974
24,28,15886.29684
25,28,Inf
26,28,5498.456022
27,28,2614.030884
29,28,628.1416899
30,28,2621.535008
31,28,3825.822481
32,28,4872.003639
33,28,5607.713525
34,28,6992.75206
35,28,8537.069946
36,28,10140.85895
37,28,13970.39262
38,28,13934.87276
39,28,14944.21312
40,28,7695.442627
41,28,6093.086085
42,28,4903.294799
43,28,3308.639537
44,28,5136.237421
45,28,6652.640705
46,28,9593.260514
47,28,12596.38892
48,28,8075.237284
49,28,6392.213996
50,28,Inf
51,28,5346.583198
52,28,3953.974005
53,28,5427.608356
54,28,7407.642849
55,28,8195.800419
56,28,9301.75846
57,28,10603.55363
58,28,7454.69323
59,28,6130.555294
60,28,6729.432675
61,28,7795.059883
62,28,8034.027422
63,28,10362.41792
64,28,8437.775375
65,28,8079.182248
66,28,7501.58024
67,28,7770.525834
68,28,8289.076376
69,28,9822.420488
70,28,10376.79085
71,28,10429.82951
72,28,9605.503849
73,28,10545.1571
74,28,11483.67939
1,29,14716.13405
2,29,8011.609163
3,29,12953.77676
4,29,12244.42455
5,29,14465.13178
6,29,14737.2776
7,29,16948.16691
8,29,17559.73159
9,29,18943.00504
10,29,7644.11142
11,29,8894.949983
12,29,13372.71851
13,29,15067.62453
14,29,16318.38206
15,29,28516.38092
16,29,7692.687437
17,29,6460.855025
18,29,2284.09997
19,29,3523.992883
20,29,6712.111616
21,29,8101.644648
22,29,8716.428718
23,29,12306.88805
24,29,15258.15515
25,29,Inf
26,29,6126.597712
27,29,3242.172574
28,29,628.1416899
30,29,1993.393318
31,29,3197.680791
32,29,4243.86195
33,29,4979.571835
34,29,6364.61037
35,29,7908.928256
36,29,9512.717259
37,29,13342.25093
38,29,13306.73107
39,29,14316.07143
40,29,8323.584317
41,29,6721.227775
42,29,5531.436489
43,29,2688.817826
44,29,4508.095731
45,29,6024.499015
46,29,8965.118824
47,29,11968.24723
48,29,8703.378974
49,29,6889.082994
50,29,Inf
51,29,5584.848877
52,29,3856.896131
53,29,5063.983134
54,29,6779.501159
55,29,7567.658729
56,29,8673.61677
57,29,9975.41194
58,29,7692.958909
59,29,6005.452246
60,29,6449.468487
61,29,7394.883321
62,29,7450.782919
63,29,9760.082072
64,29,8586.113489
65,29,8110.144715
66,29,7376.477192
67,29,7494.439399
68,29,8012.989941
69,29,9239.175985
70,29,9793.546342
71,29,10581.68566
72,29,9329.417414
73,29,10269.07066
74,29,11207.59295
1,30,13495.11418
2,30,7298.733417
3,30,11724.83911
4,30,11023.40468
5,30,13244.1119
6,30,13516.25773
7,30,15719.22927
8,30,16330.79394
9,30,17714.0674
10,30,6931.235674
11,30,8165.77629
12,30,12151.69864
13,30,13838.68689
14,30,15089.44442
15,30,27287.44328
16,30,9686.080756
17,30,8454.248344
18,30,1631.881822
19,30,2811.117137
20,30,5641.544428
21,30,6880.624775
22,30,7463.166183
23,30,11077.95041
24,30,14029.2175
25,30,Inf
26,30,8119.99103
27,30,5235.565892
28,30,2621.535008
29,30,1993.393318
31,30,1693.866569
32,30,2986.319487
33,30,3722.029372
34,30,5107.067907
35,30,6655.665721
36,30,8026.753788
37,30,11580.83444
38,30,12077.79343
39,30,13087.13379
40,30,10316.97763
41,30,8714.621093
42,30,7524.829807
43,30,1993.319987
44,30,2679.62921
45,30,4196.032494
46,30,7136.652304
47,30,10206.83073
48,30,10213.69524
49,30,8362.69759
50,30,Inf
51,30,7058.463473
52,30,4152.373909
53,30,4187.246626
54,30,4951.034638
55,30,5739.192208
56,30,6845.15025
57,30,8146.94542
58,30,9166.573505
59,30,6351.207055
60,30,5635.267677
61,30,6428.594018
62,30,6432.655209
63,30,8156.812442
64,30,9830.032854
65,30,9037.330523
66,30,7463.629227
67,30,7187.024417
68,30,7560.488593
69,30,8272.886682
70,30,8827.257039
71,30,11575.73074
72,30,9022.002432
73,30,9558.01633
74,30,10715.84431
1,31,12042.33433
2,31,6172.793874
3,31,10272.05926
4,31,9570.624826
5,31,11791.33205
6,31,12063.47787
7,31,14266.44941
8,31,14878.01409
9,31,16261.28755
10,31,5762.31675
11,31,6837.652947
12,31,10698.91879
13,31,12385.90704
14,31,13636.66457
15,31,25834.66342
16,31,10857.65262
17,31,9625.820209
18,31,2188.704096
19,31,2335.66302
20,31,4188.764573
21,31,5427.84492
22,31,6010.386328
23,31,9625.170554
24,31,12576.43765
25,31,Inf
26,31,9324.278503
27,31,6413.056769
28,31,3825.822481
29,31,3197.680791
30,31,1693.866569
32,31,1533.539632
33,31,2269.249517
34,31,3654.288052
35,31,5202.885866
36,31,6806.674869
37,31,10465.26562
38,31,10625.01357
39,31,11634.35393
40,31,11521.26511
41,31,9918.908566
42,31,8729.117279
43,31,2751.265169
44,31,2370.490916
45,31,3573.138603
46,31,6021.083482
47,31,9091.261911
48,31,11638.69381
49,31,9787.696154
50,31,Inf
51,31,8483.462037
52,31,5115.962969
53,31,4143.819399
54,31,4641.896343
55,31,5430.053914
56,31,6536.011955
57,31,7837.807125
58,31,10591.57207
59,31,7293.127307
60,31,5746.285621
61,31,6285.308639
62,31,6196.135541
63,31,7847.674147
64,31,11304.22584
65,31,10511.52351
66,31,8181.587966
67,31,7701.813946
68,31,7671.506537
69,31,8129.601302
70,31,8677.841559
71,31,13049.92373
72,31,9536.791961
73,31,9669.034274
74,31,10826.86225
1,32,11241.25456
2,32,6060.70297
3,32,9470.979495
4,32,8769.545061
5,32,10990.25228
6,32,11262.39811
7,32,13465.36965
8,32,14076.93432
9,32,15460.20778
10,32,4974.758314
11,32,6050.09451
12,32,9897.839021
13,32,11584.82727
14,32,12835.5848
15,32,25033.58366
16,32,11903.83378
17,32,10672.00137
18,32,3234.885254
19,32,2782.552413
20,32,3401.206136
21,32,4626.765155
22,32,5209.306563
23,32,8824.090789
24,32,11775.35788
25,32,Inf
26,32,10370.45966
27,32,7459.237928
28,32,4872.003639
29,32,4243.86195
30,32,2986.319487
31,32,1533.539632
33,32,1468.169752
34,32,2853.208287
35,32,4401.806101
36,32,5956.971494
37,32,9511.052146
38,32,9823.933806
39,32,10833.27417
40,32,12567.44627
41,32,10965.08972
42,32,9775.298438
43,32,4139.107783
44,32,1951.839416
45,32,2791.231905
46,32,5066.87001
47,32,8137.048439
48,32,12684.87497
49,32,10833.87731
50,32,Inf
51,32,9529.643196
52,32,6048.101301
53,32,4415.73982
54,32,4223.244844
55,32,5011.402414
56,32,6117.360455
57,32,7145.634498
58,32,11637.75323
59,32,8166.714224
60,32,5977.933911
61,32,6107.452498
62,32,5860.744635
63,32,7429.022648
64,32,12530.90781
65,32,11797.73743
66,32,8935.275845
67,32,8295.613304
68,32,7669.166077
69,32,7908.172157
70,32,8342.450653
71,32,14336.13764
72,32,10130.59132
73,32,9519.059285
74,32,10676.88726
1,33,9773.084808
2,33,5568.681715
3,33,8002.809742
4,33,7301.375309
5,33,9522.082532
6,33,9794.228357
7,33,11997.19989
8,33,12608.76457
9,33,13992.03803
10,33,3798.603402
11,33,4821.595694
12,33,8429.669268
