2,1,1703.481072
3,1,2268.964736
4,1,8269.62919
5,1,11247.44617
6,1,5340.804588
7,1,2407.194562
8,1,1350.798773
9,1,1141.454599
10,1,2189.055123
11,1,2628.235752
12,1,5533.460607
13,1,3378.483841
14,1,2272.446714
15,1,655.291516
16,1,819.9460347
17,1,867.7148124
18,1,1390.391095
19,1,1532.410775
20,1,2169.924481
21,1,3276.599276
22,1,3266.270356
23,1,4104.81734
24,1,2680.445715
26,1,1016.703831
27,1,1183.197098
28,1,1401.019377
29,1,1468.469555
30,1,1608.8978
31,1,1832.326854
32,1,2014.425557
33,1,2352.988856
34,1,2550.217444
35,1,2585.028392
36,1,2701.445412
37,1,1640.882717
38,1,2827.045433
39,1,2526.175792
40,1,985.2173422
41,1,1058.858374
42,1,1121.210904
43,1,1579.957493
44,1,1837.523449
45,1,2012.476341
46,1,2285.001494
47,1,1744.793949
48,1,952.0946439
49,1,1034.809024
51,1,1106.933975
52,1,1387.170925
53,1,1529.963902
54,1,1761.224753
55,1,1843.868032
56,1,1843.776305
57,1,1838.771168
58,1,906.1484554
59,1,1214.355859
60,1,1389.810022
61,1,1388.127231
62,1,1497.141533
63,1,1530.440001
64,1,749.1200558
65,1,780.9360871
66,1,1092.031255
67,1,1139.313963
68,1,1167.586915
69,1,1217.92823
70,1,1213.422319
71,1,563.9205134
72,1,899.2664552
73,1,951.3188574
74,1,801.8654361
1,2,1703.481072
3,2,2125.983341
4,2,2399.832873
5,2,1963.914237
6,2,1881.546454
7,2,1411.132916
8,2,947.6800798
9,2,832.6650407
10,2,8660.078879
11,2,5783.136403
12,2,2333.792338
13,2,1747.347256
14,2,1284.686374
15,2,549.4681161
16,2,1222.285457
17,2,1329.683323
18,2,3060.701385
19,2,4217.132998
20,2,5883.832969
21,2,4960.727919
22,2,4192.49477
23,2,2530.631912
24,2,1651.408529
26,2,1566.5039
27,2,1994.764008
28,2,2552.104893
29,2,2740.602142
30,2,3022.487999
31,2,3631.942106
32,2,3796.208616
33,2,4195.71719
34,2,3944.792003
35,2,3655.861351
36,2,3453.993629
37,2,1886.632399
38,2,2109.330412
39,2,1860.668717
40,2,1421.146174
41,2,1608.412945
42,2,1754.154484
43,2,2728.638914
44,2,3061.511011
45,2,3198.769953
46,2,2820.514956
47,2,2038.668199
48,2,1346.733519
49,2,1509.422974
51,2,1661.833501
52,2,2166.046588
53,2,2324.721695
54,2,2471.057156
55,2,2480.060753
56,2,2298.870403
57,2,2184.929224
58,2,1301.14387
59,2,1771.833157
60,2,1956.235195
61,2,1885.433523
62,2,2015.025552
63,2,1907.047136
64,2,1058.678917
65,2,1114.974973
66,2,1511.516132
67,2,1565.069113
68,2,1570.979635
69,2,1581.741928
70,2,1552.451334
71,2,773.1834547
72,2,1184.718386
73,2,1190.659418
74,2,1014.831791
1,3,2268.964736
2,3,2125.983341
4,3,3376.026275
5,3,2670.180931
6,3,2543.053105
7,3,1843.138407
8,3,1224.402221
9,3,1053.309773
10,3,2829.659261
11,3,3218.206006
12,3,3293.060377
13,3,2379.405009
14,3,1698.965047
15,3,642.5786489
16,3,941.7608039
17,3,1001.615127
18,3,1688.236553
19,3,1876.576137
20,3,2774.508288
21,3,4511.676292
22,3,4902.367773
23,3,3857.222881
24,3,2257.574637
26,3,1175.141094
27,3,1388.399676
28,3,1674.777915
29,3,1765.184404
30,3,1959.412784
31,3,2272.918787
32,3,2529.874146
33,3,3040.442912
34,3,3355.855084
35,3,3430.308361
36,3,3623.399615
37,3,2013.372382
38,3,3071.967236
39,3,2613.904699
40,3,1128.805868
41,3,1220.737204
42,3,1299.461976
43,3,1899.735479
44,3,2258.089795
45,3,2510.969415
46,3,2919.878699
47,3,2183.160492
48,3,1090.397784
49,3,1193.669643
51,3,1284.41923
52,3,1638.696781
53,3,1830.751956
54,3,2153.069945
55,3,2271.658864
56,3,2275.393959
57,3,2286.322949
58,3,1041.841754
59,3,1415.198253
60,3,1646.706786
61,3,1650.949361
62,3,1803.05992
63,3,1853.090971
64,3,858.4119925
65,3,897.0314717
66,3,1270.243094
67,3,1330.116465
68,3,1369.453359
69,3,1444.543949
70,3,1439.506344
71,3,642.149486
72,3,1041.292794
73,3,1110.094592
74,3,927.3489329
1,4,8269.62919
2,4,2399.832873
3,4,3376.026275
5,4,9502.329448
6,4,4835.360555
7,4,2370.795764
8,4,1506.876209
9,4,1271.294774
10,4,3233.35416
11,4,4158.025619
12,4,6591.186391
13,4,3220.113207
14,4,2217.632594
15,4,726.0123902
16,4,1015.037905
17,4,1082.000139
18,4,1867.907997
19,4,2085.039127
20,4,3151.879044
21,4,5680.943335
22,4,5337.745969
23,4,5261.126396
24,4,2874.058499
26,4,1270.215097
27,4,1511.233483
28,4,1839.021874
29,4,1943.487702
30,4,2168.956112
31,4,2538.837058
32,4,2843.481686
33,4,3468.233741
34,4,3864.429114
35,4,3945.460185
36,4,4143.481175
37,4,2214.090482
38,4,3888.680892
39,4,3222.240598
40,4,1215.285894
41,4,1317.962104
42,4,1406.342433
43,4,2090.023932
44,4,2510.59025
45,4,2812.930798
46,4,3266.686362
47,4,2420.486884
48,4,1173.713116
49,4,1289.062456
51,4,1390.809923
52,4,1787.922793
53,4,2009.518021
54,4,2364.128892
55,4,2502.325107
56,4,2508.198652
57,4,2528.15509
58,4,1123.429564
59,4,1527.655745
60,4,1785.613208
61,4,1792.878305
62,4,1967.844354
63,4,2026.825833
64,4,924.2314464
65,4,966.8653654
66,4,1367.598362
67,4,1434.075899
68,4,1479.124509
69,4,1567.031358
70,4,1561.697236
71,4,689.4413417
72,4,1119.168056
73,4,1196.632878
74,4,996.2302191
1,5,11247.44617
2,5,1963.914237
3,5,2670.180931
4,5,9502.329448
6,5,6426.888904
7,5,2695.337895
8,5,1562.366861
9,5,1316.005883
10,5,2533.229506
11,5,3057.230302
12,5,6775.364897
13,5,3774.842938
14,5,2542.959726
15,5,747.6709191
16,5,934.8284848
17,5,989.944413
18,5,1596.654188
19,5,1761.629035
20,5,2507.800272
21,5,3835.907358
22,5,3895.208939
23,5,4970.637474
24,5,3129.468102
26,5,1160.122226
27,5,1352.778519
28,5,1605.663618
29,5,1684.161595
30,5,1848.117808
31,5,2109.590831
32,5,2322.7679
33,5,2722.494859
34,5,2956.980717
35,5,2998.975705
36,5,3188.821622
37,5,1905.686591
38,5,3359.379285
39,5,2939.748414
40,5,1122.889002
41,5,1207.814802
42,5,1279.82985
43,5,1811.949438
44,5,2113.11461
45,5,2318.663525
46,5,2673.886714
47,5,2033.823052
48,5,1085.07722
49,5,1180.468403
51,5,1263.727967
52,5,1587.26109
53,5,1753.536504
54,5,2044.018566
55,5,2143.076107
56,5,2143.653372
57,5,2140.851553
58,5,1033.249773
59,5,1396.354594
60,5,1603.297996
61,5,1602.535253
62,5,1732.575918
63,5,1772.935931
64,5,853.8150442
65,5,890.362886
66,5,1255.229106
67,5,1310.526925
68,5,1344.27263
69,5,1405.295757
70,5,1400.154681
71,5,642.1948393
72,5,1032.730233
73,5,1094.174996
74,5,920.6452055
1,6,5340.804588
2,6,1881.546454
3,6,2543.053105
4,6,4835.360555
5,6,6426.888904
7,6,4322.865681
8,6,2273.156073
9,6,1804.706792
10,6,2417.132043
11,6,2900.845539
12,6,9399.087025
13,6,7550.532602
14,6,4315.587998
15,6,865.0506022
16,6,906.4901981
17,6,959.2481477
18,6,1536.227754
19,6,1692.99402
20,6,2396.265657
21,6,3614.581
22,6,3674.999678
23,6,5224.773467
24,6,5547.620113
26,6,1123.937449
27,6,1307.775899
28,6,1548.225232
29,6,1622.667129
30,6,1777.61038
31,6,2024.086721
32,6,2224.964833
33,6,2598.180583
34,6,2815.471162
35,6,2853.77601
36,6,3032.141653
37,6,1832.632532
38,6,3464.732147
39,6,3782.509727
40,6,1089.235279
41,6,1170.571013
42,6,1239.430153
43,6,1745.867958
44,6,2030.021673
45,6,2222.958225
46,6,2557.93518
47,6,1950.882461
48,6,1052.620425
49,6,1143.977445
51,6,1223.632203
52,6,1533.12402
53,6,1690.710554
54,6,1966.614829
55,6,2059.824171
56,6,2059.923359
57,6,2055.220148
58,6,1001.779783
59,6,1352.108689
60,6,1549.017024
61,6,1547.492504
62,6,1670.267068
63,6,1707.957247
64,6,828.2099492
65,6,863.361996
66,6,1215.76789
67,6,1268.692222
68,6,1300.541784
69,6,1357.529739
70,6,1352.524639
71,6,623.5010372
72,6,1000.883507
73,6,1059.317211
74,6,892.4076973
1,7,2407.194562
2,7,1411.132916
3,7,1843.138407
4,7,2370.795764
5,7,2695.337895
6,7,4322.865681
8,7,6219.069918
9,7,3634.083128
10,7,1770.42852
11,7,2023.029291
12,7,4197.378153
13,7,10652.69
14,7,6601.23291
15,7,1035.495189
16,7,741.5584595
17,7,780.6354519
18,7,1189.248205
19,7,1300.268044
20,7,1771.329212
21,7,2412.764517
22,7,2514.860352
23,7,3511.590782
24,7,4948.709167
26,7,913.4109254
27,7,1046.553653
28,7,1216.514385
29,7,1268.207542
30,7,1373.814687
31,7,1538.339204
32,7,1672.63857
33,7,1906.452657
34,7,2036.100436
35,7,2061.075598
36,7,2221.413869
37,7,1435.872124
38,7,2637.294015
39,7,3041.86274
40,7,893.36361
41,7,953.8420064
42,7,1004.444558
43,7,1365.560706
44,7,1555.963406
45,7,1680.754273
46,7,1941.355008
47,7,1504.851236
48,7,863.7158401
49,7,931.6368027
51,7,990.4466661
52,7,1219.841427
53,7,1353.222946
54,7,1545.482674
55,7,1608.5792
56,7,1606.467919
57,7,1593.221082
58,7,818.6262758
59,7,1106.695053
60,7,1249.653362
61,7,1244.373844
62,7,1328.926955
63,7,1352.843424
64,7,679.1828509
65,7,706.2143326
66,7,996.7698941
67,7,1036.779977
68,7,1058.482461
69,7,1094.20074
70,7,1089.966842
71,7,514.7285644
72,7,823.9199157
73,7,866.0523499
74,7,735.4481994
1,8,1350.798773
2,8,947.6800798
3,8,1224.402221
4,8,1506.876209
5,8,1562.366861
6,8,2273.156073
7,8,6219.069918
9,8,6293.576599
10,8,1181.956998
11,8,1341.656705
12,8,2132.170344
13,8,3556.980779
14,8,2519.107161
15,8,866.2999964
16,8,507.7989746
17,8,533.8756212
18,8,803.7640645
19,8,877.2101418
20,8,1184.901272
21,8,1587.173775
22,8,1650.137454
23,8,2040.819561
24,8,2265.623064
26,8,624.4725504
27,8,712.8410389
28,8,825.0316943
29,8,859.0191097
30,8,928.0251344
31,8,1035.215289
32,8,1122.845331
33,8,1273.036977
34,8,1355.345383
35,8,1370.723383
36,8,1435.853717
37,8,951.0998362
38,8,1517.655277
39,8,1622.511217
40,8,612.1407869
41,8,652.53737
42,8,686.2405027
43,8,925.0135446
44,8,1049.082471
45,8,1129.738484
46,8,1270.732934
47,8,990.9356247
48,8,591.8905509
49,8,637.2569898
51,8,676.4791353
52,8,829.6417458
53,8,904.5279295
54,8,1024.880502
55,8,1064.165433
56,8,1062.219766
57,8,1051.079346
58,8,560.424359
59,8,745.7664642
60,8,837.2253598
61,8,832.6150592
62,8,885.4937507
63,8,899.8628613
64,8,465.3662822
65,8,483.5857016
66,8,672.148595
67,8,698.2060413
68,8,711.6495533
69,8,732.818868
70,8,729.9302429
71,8,353.2667422
72,8,556.5083106
73,8,583.3338099
74,8,496.9790742
1,9,1141.454599
2,9,832.6650407
3,9,1053.309773
4,9,1271.294774
5,9,1316.005883
6,9,1804.706792
7,9,3634.083128
8,9,6293.576599
10,9,1026.559939
11,9,1150.504131
12,9,1736.963769
13,9,2543.361628
14,9,1863.702777
15,9,956.5219107
16,9,464.162926
17,9,486.699195
18,9,715.2163466
19,9,777.7464886
20,9,1033.084219
21,9,1340.415696
22,9,1387.055145
23,9,1665.606443
24,9,1774.454126
26,9,568.8955739
27,9,644.4167809
28,9,739.2735546
29,9,767.7869303
30,9,824.9310229
31,9,913.2498403
32,9,985.7835954
33,9,1106.118023
34,9,1170.514645
35,9,1181.731696
36,9,1228.186504
37,9,840.9732964
38,9,1277.359815
39,9,1349.217248
40,9,560.2853979
41,9,595.2670386
42,9,624.27846
43,9,826.8671568
44,9,929.0170188
45,9,994.3441568
46,9,1105.386262
47,9,869.0777845
48,9,541.8747457
49,9,581.1575593
51,9,615.0246886
52,9,747.7256574
53,9,810.0954126
54,9,907.665458
55,9,939.3085006
56,9,936.9182719
57,9,924.1908396
58,9,511.9822543
59,9,675.7522084
60,9,752.2915766
61,9,746.7710529
62,9,789.5085912
63,9,800.352118
64,9,425.9138424
65,9,442.0101083
66,9,609.6490418
67,9,632.0690778
68,9,642.7055905
69,9,658.1441191
70,9,655.4816161
71,9,324.4403637
72,9,505.9778076
73,9,528.2122145
74,9,452.1573431
1,10,2189.055123
2,10,8660.078879
3,10,2829.659261
4,10,3233.35416
5,10,2533.229506
6,10,2417.132043
7,10,1770.42852
8,10,1181.956998
9,10,1026.559939
11,10,10971.44419
12,10,3067.381479
13,10,2241.880607
14,10,1622.6566
15,10,648.2752869
16,10,1380.961137
17,10,1505.56765
18,10,3582.830534
19,10,5036.527271
20,10,15491.8121
21,10,8362.357376
22,10,6696.172828
23,10,3419.432188
24,10,2113.253641
26,10,1774.669628
27,10,2276.843643
28,10,2940.186232
29,10,3167.047031
30,10,3509.273322
31,10,4289.822657
32,10,5099.373917
33,10,6781.885048
34,10,6955.26386
35,10,6621.767386
36,10,5467.802185
37,10,2530.474635
38,10,2787.017059
39,10,2414.365684
40,10,1603.253869
41,10,1820.074215
42,10,1989.730435
43,10,3142.344873
44,10,3876.692797
45,10,4664.850602
46,10,4431.18214
47,10,2819.565192
48,10,1518.44862
49,10,1706.53936
51,10,1883.460943
52,10,2470.930288
53,10,2812.618673
54,10,3441.425163
55,10,3588.295159
56,10,3261.500209
57,10,3199.569824
58,10,1469.144221
59,10,2009.773812
60,10,2426.052046
61,10,2455.278953
62,10,2728.432884
63,10,2618.448468
64,10,1193.821887
65,10,1258.437144
66,10,1754.103046
67,10,1859.822951
68,10,1945.747503
69,10,2074.664126
70,10,2068.885978
71,10,869.8371818
72,10,1401.887567
73,10,1513.510002
74,10,1230.472083
1,11,2628.235752
2,11,5783.136403
3,11,3218.206006
4,11,4158.025619
5,11,3057.230302
6,11,2900.845539
7,11,2023.029291
8,11,1341.656705
9,11,1150.504131
10,11,10971.44419
12,11,3801.424629
13,11,2628.945954
14,11,1868.39976
15,11,694.0563945
16,11,1280.48478
17,11,1386.327419
18,11,2976.555673
19,11,3945.579883
20,11,8536.284072
21,11,12686.31846
22,11,8886.333331
23,11,4112.700653
24,11,2461.481931
26,11,1631.301755
27,11,2043.726047
28,11,2563.858156
29,11,2735.751193
30,11,2994.118392
31,11,3633.858384
32,11,4214.686459
33,11,5370.592149
34,11,6013.259006
35,11,6225.136782
36,11,6290.449033
37,11,2713.801968
38,11,3197.34837
39,11,2728.045395
40,11,1493.738981
41,11,1679.149386
42,11,1821.735088
43,11,2796.651394
44,11,3384.824693
45,11,3941.230406
46,11,4441.044541
47,11,3059.68454
48,11,1417.307999
49,11,1578.904735
51,11,1728.972906
52,11,2256.380079
53,11,2547.546937
54,11,3020.639154
55,11,3246.879456
56,11,3188.357792
57,11,3258.21112
58,11,1364.978179
59,11,1864.171066
60,11,2217.559463
61,11,2230.481592
62,11,2443.718768
63,11,2492.251344
64,11,1113.832768
65,11,1170.710339
66,11,1636.403262
67,11,1728.348371
68,11,1799.167579
69,11,1893.126236
70,11,1887.387122
71,11,817.753347
72,11,1314.801778
73,11,1406.076846
74,11,1155.212906
1,12,5533.460607
2,12,2333.792338
3,12,3293.060377
4,12,6591.186391
5,12,6775.364897
6,12,9399.087025
7,12,4197.378153
8,12,2132.170344
9,12,1736.963769
10,12,3067.381479
11,12,3801.424629
13,12,6850.746399
14,12,4122.286055
15,12,890.321049
16,12,1053.264989
17,12,1118.789723
18,12,1861.217582
19,12,2064.20709
20,12,3016.623199
21,12,4934.923408
22,12,5046.660285
23,12,7939.085029
24,12,5435.358692
26,12,1312.176982
27,12,1544.330173
28,12,1853.952124
29,12,1951.199505
30,12,2157.40027
31,12,2490.212643
32,12,2762.411143
33,12,3293.849107
34,12,3616.413578
35,12,3678.007911
36,12,3982.071121
37,12,2246.145446
38,12,4735.966783
39,12,4974.021651
40,12,1263.240899
41,12,1363.975831
42,12,1449.992186
43,12,2098.829295
44,12,2480.249007
45,12,2746.666433
46,12,3235.678697
47,12,2427.773602
48,12,1220.387948
49,12,1333.545556
51,12,1432.779232
52,12,1818.890452
53,12,2025.207115
54,12,2403.432472
55,12,2532.616389
56,12,2536.080307
57,12,2545.129876
58,12,1164.892073
59,12,1591.798553
60,12,1847.399956
61,12,1851.05248
62,12,2017.573269
63,12,2071.77195
64,12,960.612582
65,12,1003.218191
66,12,1429.173782
67,12,1495.684041
68,12,1538.804406
69,12,1620.334507
70,12,1614.629539
71,12,719.739363
72,12,1172.400518
73,12,1248.369799
74,12,1044.311942
1,13,3378.483841
2,13,1747.347256
3,13,2379.405009
4,13,3220.113207
5,13,3774.842938
6,13,7550.532602
7,13,10652.69
8,13,3556.980779
9,13,2543.361628
10,13,2241.880607
11,13,2628.945954
12,13,6850.746399
14,13,13905.75421
15,13,968.8737898
16,13,856.663413
17,13,905.7552136
18,13,1438.582498
19,13,1583.251883
20,13,2226.13409
21,13,3240.205531
22,13,3413.163065
23,13,5257.365363
24,13,9900.133263
26,13,1061.024871
27,13,1231.46036
28,13,1453.456248
29,13,1521.97613
30,13,1664.961083
31,13,1890.513397
32,13,2074.294382
33,13,2412.172924
34,13,2607.653722
35,13,2649.016909
36,13,2918.163938
37,13,1761.526003
38,13,3668.126901
39,13,4485.675689
40,13,1029.794329
41,13,1105.525609
42,13,1169.517589
43,13,1638.47728
44,13,1898.754448
45,13,2074.444421
46,13,2460.127729
47,13,1875.722079
48,13,995.2488038
49,13,1080.309004
51,13,1154.383628
52,13,1442.845987
53,13,1621.044922
54,13,1890.207101
55,13,1980.020654
56,13,1980.16502
57,13,1975.860057
58,13,946.5498305
59,13,1298.641174
60,13,1488.138623
61,13,1486.75907
62,13,1605.01706
63,13,1641.36617
64,13,782.9959338
65,13,815.8940693
66,13,1167.657939
67,13,1218.556679
68,13,1249.236185
69,13,1304.19741
70,13,1299.39313
71,13,590.0955053
72,13,961.2097725
73,13,1017.448014
74,13,857.0172534
1,14,2272.446714
2,14,1284.686374
3,14,1698.965047
4,14,2217.632594
5,14,2542.959726
6,14,4315.587998
7,14,6601.23291
8,14,2519.107161
9,14,1863.702777
10,14,1622.6566
11,14,1868.39976
12,14,4122.286055
13,14,13905.75421
15,14,758.4403852
16,14,660.7391745
17,14,696.5213458
18,14,1074.993151
19,14,1177.720007
20,14,1619.821892
21,14,2249.626592
22,14,2351.877427
23,14,4009.671713
24,14,7034.107698
26,14,815.2851365
27,14,937.9243242
28,14,1095.442421
29,14,1143.565985
30,14,1242.542966
31,14,1397.285372
32,14,1523.456257
33,14,1746.905709
34,14,1872.432474
35,14,1897.384898
36,14,2079.880791
37,14,1312.870935
38,14,2841.647461
39,14,3432.385855
40,14,795.4511186
41,14,850.7730755
42,14,897.2057374
43,14,1231.273874
44,14,1410.262166
45,14,1536.93021
46,14,1795.359889
47,14,1383.676371
48,14,768.9618424
49,14,831.0939303
51,14,884.9841516
52,14,1095.004956
53,14,1226.812631
54,14,1411.559015
55,14,1472.528539
56,14,1471.317
57,14,1462.330241
58,14,729.61717
59,14,995.8358706
60,14,1130.500274
61,14,1127.068732
62,14,1208.330886
63,14,1232.083764
64,14,604.7669116
65,14,629.2619647
66,14,896.3640244
67,14,933.4711353
68,14,954.4512489
69,14,990.1931841
70,14,986.4281421
71,14,457.5157746
72,14,739.8110297
73,14,779.6304587
74,14,660.0947981
1,15,655.291516
2,15,549.4681161
3,15,642.5786489
4,15,726.0123902
5,15,747.6709191
6,15,865.0506022
7,15,1035.495189
8,15,866.2999964
9,15,956.5219107
10,15,648.2752869
11,15,694.0563945
12,15,890.321049
13,15,968.8737898
14,15,758.4403852
16,15,363.5824986
17,15,376.3991777
18,15,496.6983735
19,15,532.1056841
20,15,661.8244891
21,15,768.0500628
22,15,782.8038365
23,15,860.1188716
24,15,820.1024293
26,15,438.5224633
27,15,479.3335329
28,15,528.80014
29,15,543.2781594
30,15,570.4270957
31,15,612.3063879
32,15,648.486518
33,15,699.5752508
34,15,724.0930851
35,15,726.4725348
36,15,734.4857504
37,15,569.060804
38,15,723.9163099
39,15,734.6812491
40,15,441.7209256
41,15,461.8072606
42,15,478.0011344
43,15,585.3685685
44,15,632.5035178
45,15,660.6211766
46,15,702.103367
47,15,569.4258666
48,15,427.6828228
49,15,450.2325569
51,15,469.5769726
52,15,548.6191636
53,15,578.1921235
54,15,618.1895899
55,15,631.1695246
56,15,627.7629043
57,15,611.6131695
58,15,399.9704152
59,15,508.00354
60,15,544.6713217
61,15,536.3439197
62,15,552.8691067
63,15,554.7376363
64,15,335.6672835
65,15,346.1535746
66,15,460.4031528
67,15,473.146527
68,15,475.9352458
69,15,475.4540365
70,15,473.3152245
71,15,260.0840496
72,15,386.4088733
73,15,395.8619909
74,15,346.3957015
1,16,819.9460347
2,16,1222.285457
3,16,941.7608039
4,16,1015.037905
5,16,934.8284848
6,16,906.4901981
7,16,741.5584595
8,16,507.7989746
9,16,464.162926
10,16,1380.961137
11,16,1280.48478
12,16,1053.264989
13,16,856.663413
14,16,660.7391745
15,16,363.5824986
17,16,10308.78957
18,16,1934.436562
19,16,1784.002261
20,16,1536.335419
21,16,1361.321084
22,16,1312.373539
23,16,1079.32518
24,16,815.9591054
26,16,6357.150161
27,16,4335.251893
28,16,2941.588981
29,16,2715.540542
30,16,2166.868875
31,16,1964.506091
32,16,1838.886173
33,16,1758.716503
34,16,1589.702972
35,16,1424.41548
36,16,1258.880021
37,16,958.9350336
38,16,952.4377531
39,16,882.8770274
40,16,4338.288289
41,16,4916.89444
42,16,4098.568558
43,16,2171.948078
44,16,1854.59056
45,16,1652.180695
46,16,1347.721408
47,16,972.9721562
48,16,3784.004115
49,16,3469.621043
51,16,2530.872708
52,16,2146.313376
53,16,1810.810651
54,16,1529.106799
55,16,1446.223047
56,16,1334.693283
57,16,1179.920619
58,16,1984.030065
59,16,1991.772249
60,16,1661.051428
61,16,1438.66694
62,16,1379.744226
63,16,1176.380088
64,16,1570.559543
65,16,1487.434212
66,16,1594.790915
67,16,1528.006083
68,16,1398.018631
69,16,1183.599382
70,16,1087.569592
71,16,1212.227583
72,16,1175.270489
73,16,1048.865498
74,16,943.8293331
1,17,867.7148124
2,17,1329.683323
3,17,1001.615127
4,17,1082.000139
5,17,989.944413
6,17,959.2481477
7,17,780.6354519
8,17,533.8756212
9,17,486.699195
10,17,1505.56765
11,17,1386.327419
12,17,1118.789723
13,17,905.7552136
14,17,696.5213458
15,17,376.3991777
16,17,10308.78957
18,17,2221.814819
19,17,2014.556989
20,17,1685.118921
21,17,1476.733634
22,17,1419.119684
23,17,1150.291061
24,17,862.3074973
26,17,10291.42675
27,17,5861.499713
28,17,3562.834093
29,17,3233.287936
30,17,2482.594083
31,17,2215.907242
32,17,2051.142478
33,17,1948.62699
34,17,1742.777774
35,17,1546.80042
36,17,1356.160188
37,17,1018.683336
38,17,1011.888039
39,17,935.3040175
40,17,4392.634402
41,17,5341.806973
42,17,5323.255962
43,17,2464.626424
44,17,2062.864333
45,17,1815.188466
46,17,1455.342938
47,17,1038.12292
48,17,3826.51737
49,17,3791.802271
51,17,2962.386467
52,17,2428.436365
53,17,2008.905813
54,17,1671.369085
55,17,1573.214721
56,17,1443.327298
57,17,1268.350945
58,17,2270.558919
59,17,2238.177255
60,17,1831.794292
61,17,1569.532098
62,17,1502.311864
63,17,1265.857789
64,17,1738.629064
65,17,1668.609596
66,17,1764.534648
67,17,1682.091737
68,17,1528.620992
69,17,1281.568009
70,17,1170.218848
71,17,1231.072075
72,17,1280.464502
73,17,1133.845867
74,17,1018.163524
1,18,1390.391095
2,18,3060.701385
3,18,1688.236553
4,18,1867.907997
5,18,1596.654188
6,18,1536.227754
7,18,1189.248205
8,18,803.7640645
9,18,715.2163466
10,18,3582.830534
11,18,2976.555673
12,18,1861.217582
13,18,1438.582498
14,18,1074.993151
15,18,496.6983735
16,18,1934.436562
17,18,2221.814819
19,18,10846.48217
20,18,4429.045872
21,18,3142.434946
22,18,2896.541035
23,18,1981.428995
24,18,1363.239894
26,18,2654.210197
27,18,4194.4727
28,18,7624.968588
29,18,9500.224486
30,18,13360.00468
31,18,10123.17792
32,18,7029.062722
33,18,5815.488813
34,18,4324.238634
35,18,3338.590648
36,18,2640.749729
37,18,1696.253103
38,18,1686.768672
39,18,1514.541113
40,18,2170.553745
41,18,2646.801714
42,18,3071.478222
43,18,6573.399656
44,18,5451.560673
45,18,4173.793083
46,18,2883.204227
47,18,1810.148724
48,18,2029.923979
49,18,2429.258723
51,18,2846.934459
52,18,4240.127256
53,18,4038.006628
54,18,3491.952175
55,18,3110.16542
56,18,2676.719518
57,18,2214.473297
58,18,2028.548187
59,18,2997.204221
60,18,3137.757297
61,18,2739.12578
62,18,2683.302596
63,18,2175.500684
64,18,1600.610045
65,18,1720.257653
66,18,2372.36809
67,18,2463.207819
68,18,2279.862804
69,18,2000.2361
70,18,1883.889773
71,18,1107.404587
72,18,1743.350178
73,18,1600.277488
74,18,1339.681692
1,19,1532.410775
2,19,4217.132998
3,19,1876.576137
4,19,2085.039127
5,19,1761.629035
6,19,1692.99402
7,19,1300.268044
8,19,877.2101418
9,19,777.7464886
10,19,5036.527271
11,19,3945.579883
12,19,2064.20709
13,19,1583.251883
14,19,1177.720007
15,19,532.1056841
16,19,1784.002261
17,19,2014.556989
18,19,10846.48217
20,19,6656.39191
21,19,3659.354134
22,19,3338.810422
23,19,2210.888972
24,19,1499.211939
26,19,2395.925957
27,19,3514.056752
28,19,5526.900097
29,19,6418.099323
30,19,8083.675155
31,19,9887.493621
32,19,8517.368281
33,19,7027.333519
34,19,5022.491608
35,19,3783.221601
36,19,2988.620677
37,19,1851.05677
38,19,1871.375495
39,19,1672.128255
40,19,2023.449534
41,19,2411.542745
42,19,2743.124403
43,19,5797.809364
44,19,5506.39164
45,19,4498.11135
46,19,3197.059083
47,19,1987.049505
48,19,1899.80638
49,19,2228.785812
51,19,2560.774818
52,19,3749.22828
53,19,3947.50174
54,19,3565.125424
55,19,3182.306568
56,19,2745.3717
57,19,2331.328883
58,19,1879.387483
59,19,2757.885761
60,19,3105.852666
61,19,2724.773945
62,19,2698.590795
63,19,2236.084478
64,19,1496.65746
65,19,1599.843274
66,19,2272.52599
67,19,2362.252904
68,19,2278.583143
69,19,2006.798743
70,19,1894.631356
71,19,1052.503431
72,19,1695.575577
73,19,1612.460353
74,19,1354.106135
1,20,2169.924481
2,20,5883.832969
3,20,2774.508288
4,20,3151.879044
5,20,2507.800272
6,20,2396.265657
7,20,1771.329212
8,20,1184.901272
9,20,1033.084219
10,20,15491.8121
11,20,8536.284072
12,20,3016.623199
13,20,2226.13409
14,20,1619.821892
15,20,661.8244891
16,20,1536.335419
17,20,1685.118921
18,20,4429.045872
19,20,6656.39191
21,20,7194.925096
22,20,6147.633866
23,20,3335.129296
24,20,2100.276647
26,20,1989.310108
27,20,2607.167733
28,20,3459.836542
29,20,3761.345108
30,20,4496.252358
31,20,6154.196302
32,20,7778.157293
33,20,12238.62102
34,20,12306.99764
35,20,7185.726471
36,20,5135.532825
37,20,2656.295145
38,20,2739.6582
39,20,2388.191181
40,20,1776.327417
41,20,2033.724045
42,20,2238.186719
43,20,3947.31306
44,20,5298.893339
45,20,6801.828027
46,20,5405.084026
47,20,2963.179071
48,20,1683.889787
49,20,1915.703412
51,20,2130.438476
52,20,2969.339966
53,20,3542.57169
54,20,4572.802185
55,20,4803.778033
56,20,4233.216124
57,20,3549.295483
58,20,1642.604502
59,20,2354.401646
60,20,2986.706741
61,20,3047.56997
62,20,3475.068044
63,20,3282.505614
64,20,1329.478452
65,20,1407.158656
66,20,2075.97806
67,20,2217.175254
68,20,2341.909132
69,20,2546.87299
70,20,2540.986786
71,20,962.8681207
72,20,1642.770383
73,20,1796.604098
74,20,1436.79977
1,21,3276.599276
2,21,4960.727919
3,21,4511.676292
4,21,5680.943335
5,21,3835.907358
6,21,3614.581
7,21,2412.764517
8,21,1587.173775
9,21,1340.415696
10,21,8362.357376
11,21,12686.31846
12,21,4934.923408
13,21,3240.205531
14,21,2249.626592
15,21,768.0500628
16,21,1361.321084
17,21,1476.733634
18,21,3142.434946
19,21,3659.354134
20,21,7194.925096
22,21,26105.45029
23,21,5719.136483
24,21,3019.613167
26,21,1741.764335
27,21,2192.46869
28,21,2879.907043
29,21,3119.442897
30,21,3690.359664
31,21,4754.203245
32,21,5723.742631
33,21,8514.302718
34,21,11102.76261
35,21,11870.30473
36,21,12465.98627
37,21,3615.236139
38,21,4346.26626
39,21,3573.844525
40,21,1616.178519
41,21,1790.887856
42,21,1947.411642
43,21,3349.691139
44,21,4469.893837
45,21,5445.247721
46,21,6818.462726
47,21,4306.057123
48,21,1558.660185
49,21,1755.035294
51,21,1934.139391
52,21,2658.292673
53,21,3152.636395
54,21,4038.82107
55,21,4440.629767
56,21,4349.743777
57,21,4545.954695
58,21,1512.075726
59,21,2161.126448
60,21,2691.17019
61,21,2724.738056
62,21,3140.506681
63,21,3230.758779
64,21,1229.664385
65,21,1297.094716
66,21,1919.022867
67,21,2039.945809
68,21,2141.413134
69,21,2347.189028
70,21,2341.177649
71,21,898.1526336
72,21,1533.477188
73,21,1685.100835
74,21,1359.13055
1,22,3266.270356
2,22,4192.49477
3,22,4902.367773
4,22,5337.745969
5,22,3895.208939
6,22,3674.999678
7,22,2514.860352
8,22,1650.137454
9,22,1387.055145
10,22,6696.172828
11,22,8886.333331
12,22,5046.660285
13,22,3413.163065
14,22,2351.877427
15,22,782.8038365
16,22,1312.373539
17,22,1419.119684
18,22,2896.541035
19,22,3338.810422
20,22,6147.633866
21,22,26105.45029
23,22,6290.086284
24,22,3190.305967
26,22,1672.371578
27,22,2082.926582
28,22,2694.866991
29,22,2904.19811
30,22,3407.909463
31,22,4300.484415
32,22,5092.044949
33,22,7200.357947
34,22,8974.708565
35,22,10799.19642
36,22,11642.50089
37,22,3541.272259
38,22,4697.338231
39,22,3816.194175
40,22,1560.434094
41,22,1722.399855
42,22,1866.450922
43,22,3131.054194
44,22,4088.368564
45,22,4923.326678
46,22,6578.505306
47,22,4194.256139
48,22,1505.285168
49,22,1687.318258
51,22,1852.263868
52,22,2520.884157
53,22,2959.239326
54,22,3943.209082
55,22,4324.30576
56,22,4250.4996
57,22,4431.940942
58,22,1456.768584
59,22,2111.902928
60,22,2622.864695
61,22,2671.16501
62,22,3079.706217
63,22,3173.210531
64,22,1187.155922
65,22,1250.989748
66,22,1882.174145
67,22,1998.425323
68,22,2094.601419
69,22,2310.647279
70,22,2304.61436
71,22,870.7179425
72,22,1517.241629
73,22,1664.752237
74,22,1345.056472
1,23,4104.81734
2,23,2530.631912
3,23,3857.222881
4,23,5261.126396
5,23,4970.637474
6,23,5224.773467
7,23,3511.590782
8,23,2040.819561
9,23,1665.606443
10,23,3419.432188
11,23,4112.700653
12,23,7939.085029
13,23,5257.365363
14,23,4009.671713
15,23,860.1188716
16,23,1079.32518
17,23,1150.291061
18,23,1981.428995
19,23,2210.888972
20,23,3335.129296
21,23,5719.136483
22,23,6290.086284
24,23,7616.104914
26,23,1350.311395
27,23,1605.503267
28,23,1952.15998
29,23,2062.541677
30,23,2302.172731
31,23,2692.759048
32,23,3014.312943
33,23,3672.034729
34,23,4089.105252
35,23,4731.319022
36,23,5816.66149
37,23,2739.012479
38,23,12917.02722
39,23,8163.697668
40,23,1292.386291
41,23,1401.218067
42,23,1494.852951
43,23,2219.510803
44,23,2859.353458
45,23,3276.975081
46,23,4261.452352
47,23,3069.301759
48,23,1248.197499
49,23,1370.46148
51,23,1478.270339
52,23,1899.979532
53,23,2348.792798
54,23,2911.486044
55,23,3111.161126
56,23,3125.041903
57,23,3179.92014
58,23,1194.531176
59,23,1778.926476
60,23,2120.825937
61,23,2138.43193
62,23,2380.846564
63,23,2467.652918
64,23,988.7582264
65,23,1042.009046
66,23,1592.400019
67,23,1676.280864
68,23,1737.502575
69,23,1863.337665
70,23,1857.433856
71,23,742.1537328
72,23,1296.995775
73,23,1398.011281
74,23,1153.033245
1,24,2680.445715
2,24,1651.408529
3,24,2257.574637
4,24,2874.058499
5,24,3129.468102
6,24,5547.620113
7,24,4948.709167
8,24,2265.623064
9,24,1774.454126
10,24,2113.253641
11,24,2461.481931
12,24,5435.358692
13,24,9900.133263
14,24,7034.107698
15,24,820.1024293
16,24,815.9591054
17,24,862.3074973
18,24,1363.239894
19,24,1499.211939
20,24,2100.276647
21,24,3019.613167
22,24,3190.305967
23,24,7616.104914
26,24,1010.002852
27,24,1170.581831
28,24,1379.258278
29,24,1443.558511
30,24,1577.427142
31,24,1788.272594
32,24,1960.061175
33,24,2273.992725
34,24,2454.742436
35,24,2704.23721
36,24,3052.502511
37,24,1786.586997
38,24,4721.049391
39,24,6329.933961
40,24,981.095115
41,24,1052.619606
42,24,1112.991918
43,24,1554.092583
44,24,1898.473565
45,24,2104.466748
46,24,2530.947711
47,24,1915.587541
48,24,948.2215244
49,24,1028.555748
51,24,1098.467914
52,24,1370.727342
53,24,1627.647055
54,24,1914.587953
55,24,2011.086928
56,24,2012.438429
57,24,2013.393902
58,24,901.4857951
59,24,1292.962415
60,24,1490.545265
61,24,1491.196883
62,24,1617.069168
63,24,1656.870526
64,24,749.8700033
65,24,786.2643399
66,24,1161.753764
67,24,1214.015595
68,24,1246.675752
69,24,1306.79309
70,24,1302.079317
71,24,568.4744928
72,24,954.7716044
73,24,1013.476209
74,24,850.8886799
1,26,1016.703831
2,26,1566.5039
3,26,1175.141094
4,26,1270.215097
5,26,1160.122226
6,26,1123.937449
7,26,913.4109254
8,26,624.4725504
9,26,568.8955739
10,26,1774.669628
11,26,1631.301755
12,26,1312.176982
13,26,1061.024871
14,26,815.2851365
15,26,438.5224633
16,26,6357.150161
17,26,10291.42675
18,26,2654.210197
19,26,2395.925957
20,26,1989.310108
21,26,1741.764335
22,26,1672.371578
23,26,1350.311395
24,26,1010.002852
27,26,8017.500189
28,26,4365.206541
29,26,3938.168869
30,26,2985.413476
31,26,2642.125283
32,26,2437.940016
33,26,2311.757395
34,26,2061.487932
35,26,1824.925946
36,26,1596.55632
37,26,1194.795281
38,26,1186.858286
39,26,1096.204144
40,26,6112.565389
41,26,9641.011066
42,26,9588.164114
43,26,2954.664586
44,26,2457.48061
45,26,2154.202018
46,26,1718.140264
47,26,1219.005777
48,26,5214.626334
49,26,5943.368859
51,26,4302.236414
52,26,3103.541
53,26,2391.255266
54,26,1980.415727
55,26,1861.403511
56,26,1704.682122
57,26,1495.346582
58,26,3172.580792
59,26,2834.222219
60,26,2282.418947
61,26,1938.065788
62,26,1778.018643
63,26,1492.868651
64,26,2374.67483
65,26,2257.351205
66,26,2204.772516
67,26,2092.759391
68,26,1891.078018
69,26,1572.700284
70,26,1408.409565
71,26,1642.233495
72,26,1579.376127
73,26,1389.583781
74,26,1245.683815
1,27,1183.197098
2,27,1994.764008
3,27,1388.399676
4,27,1511.233483
5,27,1352.778519
6,27,1307.775899
7,27,1046.553653
8,27,712.8410389
9,27,644.4167809
10,27,2276.843643
11,27,2043.726047
12,27,1544.330173
13,27,1231.46036
14,27,937.9243242
15,27,479.3335329
16,27,4335.251893
17,27,5861.499713
18,27,4194.4727
19,27,3514.056752
20,27,2607.167733
21,27,2192.46869
22,27,2082.926582
23,27,1605.503267
24,27,1170.581831
26,27,8017.500189
28,27,9193.051615
29,27,7450.791856
30,27,4635.763464
31,27,3846.169496
32,27,3393.527884
33,27,3136.788393
34,27,2691.19526
35,27,2305.291983
36,27,1964.099482
37,27,1406.567358
38,27,1397.672732
39,27,1279.782377
40,27,4665.502919
41,27,7149.277891
42,27,10755.78932
43,27,4398.941525
44,27,3376.161378
45,27,2828.15361
46,27,2126.683212
47,27,1454.487763
48,27,4151.901124
49,27,5181.538535
51,27,5263.026129
52,27,4337.129629
53,27,3252.894426
54,27,2553.500543
55,27,2360.939881
56,27,2119.890646
57,27,1823.873481
58,27,3426.27908
59,27,3873.256588
60,27,2924.462807
61,27,2400.617858
62,27,2262.39407
63,27,1826.91236
64,27,2482.31442
65,27,2509.879467
66,27,2855.614106
67,27,2666.202252
68,27,2358.598548
69,27,1904.828628
70,27,1688.512879
71,27,1645.374796
72,27,1948.418602
73,27,1675.157048
74,27,1492.671958
1,28,1401.019377
2,28,2552.104893
3,28,1674.777915
4,28,1839.021874
5,28,1605.663618
6,28,1548.225232
7,28,1216.514385
8,28,825.0316943
9,28,739.2735546
10,28,2940.186232
11,28,2563.858156
12,28,1853.952124
13,28,1453.456248
14,28,1095.442421
15,28,528.80014
16,28,2941.588981
17,28,3562.834093
18,28,7624.968588
19,28,5526.900097
20,28,3459.836542
21,28,2879.907043
22,28,2694.866991
23,28,1952.15998
24,28,1379.258278
26,28,4365.206541
27,28,9193.051615
29,28,38967.04895
30,28,9380.928226
31,28,6532.58795
32,28,5264.47242
33,28,4644.748167
34,28,3735.756375
35,28,3043.732872
36,28,2497.863281
37,28,1689.143678
38,28,1679.130666
39,28,1521.238903
40,28,3340.966052
41,28,4219.57153
42,28,5244.072434
43,28,7978.713611
44,28,5161.9218
45,28,3991.620774
46,28,2742.031585
47,28,1776.462339
48,28,3092.475992
49,28,3906.702349
51,28,4690.438279
52,28,6744.037205
53,28,4883.403709
54,28,3500.360349
55,28,3155.215649
56,28,2751.615797
57,28,2303.625855
58,28,3044.074463
59,28,4259.486044
60,28,3822.180127
61,28,3194.915381
62,28,3038.239051
63,28,2318.083335
64,28,2313.171295
65,28,2447.362458
66,28,3189.773316
67,28,3098.378928
68,28,2849.233177
69,28,2275.166732
70,28,2141.876935
71,28,1524.412744
72,28,2149.644218
73,28,1915.466387
74,28,1624.851635
1,29,1468.469555
2,29,2740.602142
3,29,1765.184404
4,29,1943.487702
5,29,1684.161595
6,29,1622.667129
7,29,1268.207542
8,29,859.0191097
9,29,767.7869303
10,29,3167.047031
11,29,2735.751193
12,29,1951.199505
13,29,1521.97613
14,29,1143.565985
15,29,543.2781594
16,29,2715.540542
17,29,3233.287936
18,29,9500.224486
19,29,6418.099323
20,29,3761.345108
21,29,3119.442897
22,29,2904.19811
23,29,2062.541677
24,29,1443.558511
26,29,3938.168869
27,29,7450.791856
28,29,38967.04895
30,29,12401.56868
31,29,7856.75333
32,29,6075.322779
33,29,5258.043025
34,29,4125.940874
35,29,3302.675345
36,29,2676.744773
37,29,1777.928311
38,29,1767.601116
39,29,1596.300924
40,29,3105.013053
41,29,3845.255483
42,29,4672.904469
43,29,9869.362463
44,29,5911.960556
45,29,4430.885743
46,29,2949.51621
47,29,1879.488446
48,29,2884.309636
49,29,3643.916013
51,29,4513.843266
52,29,6949.986647
53,29,5261.469129
54,29,3844.70655
55,29,3435.002271
56,29,2966.338909
57,29,2461.504808
58,29,2965.239532
59,29,4370.986263
60,29,4008.979391
61,29,3385.444013
62,29,3293.225632
63,29,2474.02922
64,29,2285.110866
65,29,2450.785155
66,29,3260.856759
67,29,3229.341197
68,29,2962.836475
69,29,2431.457357
70,29,2281.317546
71,29,1510.403802
72,29,2224.848067
73,29,1977.263699
74,29,1673.595762
1,30,1608.8978
2,30,3022.487999
3,30,1959.412784
4,30,2168.956112
5,30,1848.117808
6,30,1777.61038
7,30,1373.814687
8,30,928.0251344
9,30,824.9310229
10,30,3509.273322
11,30,2994.118392
12,30,2157.40027
13,30,1664.961083
14,30,1242.542966
15,30,570.4270957
16,30,2166.868875
17,30,2482.594083
18,30,13360.00468
19,30,8083.675155
20,30,4496.252358
21,30,3690.359664
22,30,3407.909463
23,30,2302.172731
24,30,1577.427142
26,30,2985.413476
27,30,4635.763464
28,30,9380.928226
29,30,12401.56868
31,30,14902.02779
32,30,8674.42459
33,30,7067.774432
34,30,5166.179941
35,30,3943.105146
36,30,3187.263355
37,30,2058.021161
38,30,1956.655593
39,30,1754.447669
40,30,2516.90987
41,30,2979.693844
42,30,3451.234668
43,30,13375.8009
44,30,9993.009347
45,30,6391.738306
46,30,3722.705133
47,30,2214.244828
48,30,2469.410097
49,30,3015.988786
51,30,3588.343984
52,30,6485.923157
53,30,6393.182104
54,30,5289.459685
55,30,4550.762147
56,30,3776.45533
57,30,3028.189575
58,30,2500.302229
59,30,4152.553413
60,30,4609.879125
61,30,3912.706766
62,30,3832.476166
63,30,2974.295796
64,30,2005.373492
65,30,2209.734102
66,30,3238.001221
67,30,3383.376309
68,30,3154.995592
69,30,2728.281388
70,30,2542.999588
71,30,1387.221622
72,30,2311.523339
73,30,2134.3926
74,30,1758.663948
1,31,1832.326854
2,31,3631.942106
3,31,2272.918787
4,31,2538.837058
5,31,2109.590831
6,31,2024.086721
7,31,1538.339204
8,31,1035.215289
9,31,913.2498403
10,31,4289.822657
11,31,3633.858384
12,31,2490.212643
13,31,1890.513397
14,31,1397.285372
15,31,612.3063879
16,31,1964.506091
17,31,2215.907242
18,31,10123.17792
19,31,9887.493621
20,31,6154.196302
21,31,4754.203245
22,31,4300.484415
23,31,2692.759048
24,31,1788.272594
26,31,2642.125283
27,31,3846.169496
28,31,6532.58795
29,31,7856.75333
30,31,14902.02779
32,31,17166.84735
33,31,11781.18105
34,31,7337.480987
35,31,5126.183708
36,31,3819.719662
37,31,2314.451256
38,31,2260.378138
39,31,2005.632207
40,31,2290.490992
41,31,2660.509851
42,31,3023.496353
43,31,9848.565384
44,31,11479.98464
45,31,7628.103389
46,31,4484.222292
47,31,2526.393453
48,31,2202.320275
49,31,2618.811511
51,31,3034.168706
52,31,5349.946829
53,31,6565.282264
54,31,5733.508272
55,31,4888.091991
56,31,4019.417368
57,31,3198.835449
58,31,2199.113847
59,31,3675.075873
60,31,4594.36489
61,31,4067.010542
62,31,4043.49986
63,31,3141.754727
64,31,1772.221575
65,31,1930.737018
66,31,3001.912755
67,31,3208.59577
68,31,3159.923475
69,31,2821.53599
70,31,2628.869039
71,31,1250.532254
72,31,2222.32473
73,31,2144.2113
74,31,1768.948748
1,32,2014.425557
2,32,3796.208616
3,32,2529.874146
4,32,2843.481686
5,32,2322.7679
6,32,2224.964833
7,32,1672.63857
8,32,1122.845331
9,32,985.7835954
10,32,5099.373917
11,32,4214.686459
12,32,2762.411143
13,32,2074.294382
14,32,1523.456257
15,32,648.486518
16,32,1838.886173
17,32,2051.142478
18,32,7029.062722
19,32,8517.368281
20,32,7778.157293
21,32,5723.742631
22,32,5092.044949
23,32,3014.312943
24,32,1960.061175
26,32,2437.940016
27,32,3393.527884
28,32,5264.47242
29,32,6075.322779
30,32,8674.42459
31,32,17166.84735
33,32,18687.32713
34,32,9644.254641
35,32,6218.131978
36,32,4479.126761
37,32,2613.497627
38,32,2508.866442
39,32,2210.478069
40,32,2154.934626
41,32,2469.840724
42,32,2770.780553
43,32,6718.171179
44,32,14308.29537
45,32,10021.27296
46,32,5468.577836
47,32,2896.747455
48,32,2073.723779
49,32,2428.025176
51,32,2771.97037
52,32,4644.192149
53,32,6322.70798
54,32,6467.284996
55,32,5435.463864
56,32,4407.215126
57,32,3600.792146
58,32,2053.957123
59,32,3368.101138
60,32,4532.251095
61,32,4295.306779
62,32,4387.103919
63,32,3405.916019
64,32,1640.69815
65,32,1765.397234
66,32,2820.850595
67,32,3057.115936
68,32,3243.855207
69,32,2976.67284
70,32,2806.334273
71,32,1168.215832
72,32,2146.977093
73,32,2235.162111
74,32,1840.880439
1,33,2352.988856
2,33,4195.71719
3,33,3040.442912
4,33,3468.233741
5,33,2722.494859
6,33,2598.180583
7,33,1906.452657
8,33,1273.036977
9,33,1106.118023
10,33,6781.885048
11,33,5370.592149
12,33,3293.849107
13,33,2412.172924
14,33,1746.905709
15,33,699.5752508
16,33,1758.716503
17,33,1948.62699
18,33,5815.488813
19,33,7027.333519
20,33,12238.62102
21,33,8514.302718
22,33,7200.357947
23,33,3672.034729
24,33,2273.992725
26,33,2311.757395
27,33,3136.788393
28,33,4644.748167
29,33,5258.043025
30,33,7067.774432
31,33,11781.18105
32,33,18687.32713
34,33,20175.57037
35,33,9474.801016
36,33,5971.657819
37,33,3016.95313
38,33,2995.451791
39,33,2596.682514
40,33,2067.340346
41,33,2350.450598
42,33,2616.816736
43,33,5672.04285
44,33,9253.818051
45,33,12372.10853
46,33,6675.114478
47,33,3422.963866
48,33,1990.449616
49,33,2308.898105
51,33,2613.225364
52,33,3948.435828
53,33,5098.634681
54,33,6596.070174
55,33,6243.561401
56,33,5040.279779
57,33,4151.306815
58,33,1961.800234
59,33,2989.788183
60,33,4002.742478
61,33,4105.279228
62,33,4413.109648
63,33,3810.270315
64,33,1573.752894
65,33,1677.936091
66,33,2590.742653
67,33,2801.969912
68,33,3010.107638
69,33,3094.928731
70,33,3012.256524
71,33,1123.07914
72,33,2016.099069
73,33,2169.536735
74,33,1750.759435
1,34,2550.217444
2,34,3944.792003
3,34,3355.855084
4,34,3864.429114
5,34,2956.980717
6,34,2815.471162
7,34,2036.100436
8,34,1355.345383
9,34,1170.514645
10,34,6955.26386
11,34,6013.259006
12,34,3616.413578
13,34,2607.653722
14,34,1872.432474
15,34,724.0930851
